id	mother	father	cohort	genotype
1	NA	NA	1	NA
2	NA	NA	1	GG
3	NA	NA	1	NA
4	NA	NA	1	GA
5	NA	NA	1	GA
6	NA	NA	1	GG
7	NA	NA	1	AA
8	NA	NA	1	NA
9	NA	NA	1	GA
10	NA	NA	1	AA
11	NA	NA	1	GG
12	NA	NA	1	GA
13	NA	NA	1	NA
14	NA	NA	1	GA
15	NA	NA	1	GG
16	NA	NA	1	GG
17	NA	NA	1	GG
18	NA	NA	1	NA
19	NA	NA	1	GA
20	NA	NA	1	NA
21	NA	NA	1	GA
22	NA	NA	1	NA
23	NA	NA	1	AA
24	NA	NA	1	NA
25	NA	NA	1	NA
26	NA	NA	1	GG
27	NA	NA	1	NA
28	NA	NA	1	AA
29	NA	NA	1	NA
30	NA	NA	1	AA
31	NA	NA	1	GG
32	NA	NA	1	GA
33	NA	NA	1	GA
34	NA	NA	1	GG
35	NA	NA	1	GA
36	NA	NA	1	NA
37	NA	NA	1	AA
38	NA	NA	1	GG
39	NA	NA	1	GA
40	NA	NA	1	GG
41	NA	NA	1	AA
42	NA	NA	1	NA
43	NA	NA	1	NA
44	NA	NA	1	GA
45	NA	NA	1	GG
46	NA	NA	1	GA
47	NA	NA	1	GG
48	42	NA	2	NA
49	25	NA	2	NA
50	NA	6	2	GG
51	21	NA	2	NA
52	NA	NA	2	GG
53	NA	NA	2	NA
54	NA	NA	2	GA
55	NA	NA	2	GA
56	NA	NA	2	GG
57	NA	NA	2	AA
58	NA	NA	2	GA
59	NA	NA	2	GG
60	NA	NA	2	NA
61	NA	NA	2	AA
62	NA	NA	2	GA
63	NA	NA	2	GA
64	39	NA	2	NA
65	1	12	2	GG
66	NA	NA	2	NA
67	NA	45	2	GA
68	NA	10	2	AA
69	33	NA	2	GA
70	NA	NA	2	AA
71	NA	NA	2	NA
72	NA	NA	2	GG
73	NA	NA	2	NA
74	NA	NA	2	GG
75	NA	NA	2	AA
76	NA	NA	2	GG
77	NA	NA	2	GA
78	NA	NA	2	NA
79	NA	NA	2	NA
80	NA	NA	2	GG
81	NA	NA	2	GA
82	NA	NA	2	GA
83	NA	NA	2	GA
84	NA	NA	2	GA
85	NA	NA	2	GG
86	NA	NA	2	GA
87	NA	12	2	NA
88	3	NA	2	GA
89	26	NA	2	GA
90	38	NA	2	NA
91	16	NA	2	GG
92	9	NA	2	NA
93	NA	NA	2	GG
94	NA	NA	2	GA
95	15	NA	2	GA
96	8	NA	2	NA
97	NA	NA	2	GG
98	NA	NA	2	AA
99	NA	NA	2	GG
100	NA	NA	2	NA
101	NA	NA	2	GA
102	NA	NA	2	NA
103	43	NA	2	GG
104	NA	NA	2	GA
105	20	NA	2	AA
106	NA	NA	2	AA
107	7	NA	2	GA
108	NA	NA	2	GG
109	NA	NA	2	NA
110	NA	NA	2	NA
111	22	NA	2	NA
112	NA	NA	2	GA
113	37	NA	2	NA
114	NA	NA	2	NA
115	18	NA	2	NA
116	NA	NA	2	GA
117	27	NA	2	NA
118	NA	NA	2	GA
119	NA	NA	2	AA
120	NA	4	2	GA
121	NA	NA	2	AA
122	NA	NA	2	GA
123	NA	NA	2	GG
124	NA	NA	2	AA
125	NA	NA	2	GA
126	NA	NA	2	GG
127	NA	NA	2	NA
128	NA	NA	2	GA
129	NA	NA	2	NA
130	NA	NA	2	NA
131	NA	NA	2	NA
132	NA	NA	2	AA
133	NA	44	2	GG
134	NA	NA	2	GA
135	NA	NA	2	GG
136	NA	NA	2	GG
137	NA	NA	2	GG
138	NA	NA	2	GG
139	NA	NA	2	GG
140	NA	NA	2	GG
141	NA	NA	2	GG
142	NA	NA	2	GG
143	NA	NA	2	GA
144	NA	NA	2	GG
145	NA	NA	2	GA
146	NA	NA	2	GA
147	NA	NA	2	GA
148	NA	NA	2	AA
149	40	NA	2	NA
150	29	NA	2	NA
151	NA	NA	2	NA
152	NA	NA	2	GG
153	15	NA	3	NA
154	80	NA	3	NA
155	67	NA	3	NA
156	37	NA	3	NA
157	62	NA	3	NA
158	NA	NA	3	GA
159	8	NA	3	NA
160	9	NA	3	NA
161	104	NA	3	NA
162	13	NA	3	NA
163	3	NA	3	NA
164	NA	NA	3	GA
165	40	NA	3	NA
166	54	NA	3	NA
167	38	NA	3	NA
168	NA	NA	3	GA
169	NA	NA	3	GG
170	121	NA	3	NA
171	86	NA	3	NA
172	NA	NA	3	GA
173	100	NA	3	NA
174	56	NA	3	NA
175	NA	NA	3	GA
176	53	NA	3	NA
177	129	NA	3	NA
178	7	NA	3	NA
179	16	NA	3	NA
180	35	NA	3	NA
181	39	NA	3	NA
182	73	NA	3	NA
183	NA	NA	3	GA
184	25	NA	3	NA
185	NA	44	3	GG
186	60	NA	3	NA
187	65	NA	3	NA
188	29	NA	3	NA
189	NA	NA	3	GG
190	NA	NA	3	GA
191	NA	NA	3	GA
192	NA	NA	3	GA
193	NA	NA	3	GG
194	59	NA	3	NA
195	NA	NA	3	NA
196	NA	NA	3	GG
197	112	NA	3	NA
198	27	NA	3	NA
199	26	NA	3	NA
200	110	NA	3	NA
201	82	NA	3	NA
202	18	NA	3	NA
203	78	NA	3	NA
204	151	NA	3	NA
205	20	NA	3	NA
206	136	NA	3	GA
207	NA	NA	3	NA
208	NA	NA	3	AA
209	152	44	3	NA
210	43	NA	3	NA
211	33	NA	3	NA
212	71	NA	3	NA
213	114	NA	3	NA
214	NA	NA	3	GA
215	108	NA	3	NA
216	NA	NA	3	GA
217	NA	NA	3	GA
218	148	NA	3	NA
219	105	NA	3	NA
220	141	NA	3	NA
221	96	NA	3	NA
222	130	NA	3	NA
223	131	NA	3	NA
224	NA	NA	3	GG
225	21	NA	3	NA
226	139	NA	3	NA
227	NA	NA	3	AA
228	NA	NA	3	GG
229	NA	6	3	GG
230	NA	24	3	GA
231	NA	NA	3	GG
232	NA	NA	3	GA
233	NA	NA	3	GA
234	NA	NA	3	GA
235	NA	47	3	GG
236	NA	11	3	GA
237	NA	NA	3	GG
238	NA	NA	3	AA
239	NA	NA	3	AA
240	75	NA	3	NA
241	127	NA	3	NA
242	125	NA	3	NA
243	77	NA	3	NA
244	135	NA	3	NA
245	109	NA	3	NA
246	41	NA	3	NA
247	79	NA	3	NA
248	119	NA	3	NA
249	84	NA	3	NA
250	102	NA	3	NA
251	22	NA	3	NA
252	53	NA	4	NA
253	NA	NA	4	GG
254	NA	6	4	GG
255	NA	NA	4	GG
256	NA	NA	4	AA
257	NA	NA	4	NA
258	NA	NA	4	GG
259	NA	NA	4	AA
260	145	NA	4	AA
261	152	NA	4	NA
262	NA	NA	4	GG
263	NA	NA	4	GG
264	NA	NA	4	NA
265	NA	46	4	AA
266	NA	NA	4	GG
267	NA	NA	4	GA
268	NA	NA	4	GA
269	108	NA	4	GA
270	NA	NA	4	GG
271	NA	24	4	GA
272	33	NA	4	NA
273	NA	NA	4	AA
274	NA	NA	4	GA
275	NA	143	4	GA
276	NA	NA	4	NA
277	136	NA	4	NA
278	NA	195	4	GG
279	36	NA	4	GG
280	40	NA	4	GG
281	NA	NA	4	GA
282	NA	NA	4	GA
283	NA	19	4	GG
284	NA	NA	4	GA
285	NA	NA	4	GA
286	NA	NA	4	GA
287	141	143	4	GG
288	NA	NA	4	AA
289	NA	NA	4	AA
290	NA	NA	4	AA
291	NA	NA	4	GA
292	NA	NA	4	GG
293	105	NA	4	AA
294	NA	NA	4	GA
295	NA	NA	4	GG
296	NA	NA	4	GA
297	NA	19	4	GA
298	NA	NA	4	GG
299	NA	NA	4	GA
300	NA	NA	4	GA
301	NA	30	4	GA
302	NA	NA	4	GA
303	NA	66	4	GA
304	NA	NA	4	GA
305	NA	87	4	AA
306	NA	44	4	GG
307	NA	44	4	GA
308	NA	NA	4	AA
309	NA	45	4	GA
310	NA	44	4	AA
311	NA	NA	4	GA
312	NA	NA	4	GA
313	NA	11	4	GG
314	NA	NA	4	GA
315	NA	NA	4	GA
316	NA	NA	4	GA
317	37	NA	4	GA
318	NA	NA	4	GG
319	NA	NA	4	AA
320	NA	11	4	GA
321	8	NA	4	NA
322	207	NA	4	NA
323	22	NA	4	GG
324	NA	44	4	GG
325	54	NA	4	GA
326	112	NA	4	NA
327	75	63	4	GA
328	NA	19	4	AA
329	NA	19	4	AA
330	39	NA	4	GA
331	109	45	4	GA
332	NA	NA	4	GA
333	68	NA	4	GA
334	NA	NA	4	GA
335	125	NA	4	GA
336	67	30	4	GA
337	NA	NA	4	GA
338	NA	5	4	AA
339	NA	NA	4	GA
340	NA	NA	4	GG
341	NA	NA	4	GA
342	NA	66	4	GG
343	NA	NA	4	GA
344	41	NA	4	GA
345	35	NA	4	NA
346	38	NA	4	NA
347	NA	NA	4	GA
348	119	NA	4	GA
349	NA	NA	4	AA
350	144	NA	4	GG
351	148	19	4	GA
352	77	NA	4	AA
353	NA	11	4	NA
354	185	NA	4	GG
355	NA	NA	5	GG
356	NA	NA	5	GA
357	NA	NA	5	GG
358	NA	99	5	GG
359	100	NA	5	NA
360	105	NA	5	NA
361	105	NA	5	NA
362	36	NA	5	NA
363	36	NA	5	NA
364	119	NA	5	AA
365	108	NA	5	GA
366	108	281	5	GG
367	NA	NA	5	GG
368	NA	NA	5	AA
369	8	NA	5	NA
370	NA	NA	5	GA
371	22	NA	5	GG
372	229	NA	5	GA
373	NA	NA	5	GG
374	239	NA	5	GA
375	290	NA	5	NA
376	53	134	5	GA
377	NA	289	5	NA
378	NA	NA	5	GA
379	37	142	5	GA
380	NA	283	5	GA
381	NA	265	5	GA
382	185	NA	5	GG
383	NA	NA	5	GG
384	NA	NA	5	GG
385	NA	NA	5	GA
386	NA	NA	5	GG
387	275	NA	5	AA
388	39	137	5	GA
389	39	NA	5	GA
390	316	NA	5	NA
391	NA	299	5	AA
392	NA	134	5	GA
393	NA	134	5	AA
394	306	142	5	GG
395	NA	NA	5	AA
396	NA	134	5	GA
397	227	137	5	GA
398	308	NA	5	NA
399	NA	NA	5	GA
400	109	NA	5	AA
401	NA	NA	5	GG
402	317	NA	5	GA
403	232	228	5	NA
404	NA	142	5	GG
405	NA	NA	5	GA
406	234	137	5	GG
407	NA	NA	5	GA
408	224	143	5	GG
409	136	NA	5	GA
410	NA	147	5	NA
411	315	140	5	GG
412	38	NA	5	NA
413	38	NA	5	NA
414	NA	NA	5	AA
415	NA	NA	5	AA
416	NA	NA	5	GG
417	267	276	5	GG
418	NA	NA	5	GG
419	33	NA	5	GG
420	287	NA	5	GG
421	NA	268	5	GA
422	NA	137	5	GG
423	309	99	5	GA
424	NA	NA	5	GG
425	311	NA	5	GA
426	NA	172	5	GA
427	NA	NA	5	GG
428	254	NA	5	GG
429	NA	279	5	GG
430	NA	NA	5	GA
431	230	147	5	GA
432	141	NA	5	NA
433	319	265	5	AA
434	NA	NA	5	GG
435	NA	NA	5	GA
436	NA	132	5	GA
437	NA	172	5	GG
438	NA	143	5	GA
439	112	NA	5	GG
440	NA	132	5	GA
441	NA	NA	5	GA
442	NA	NA	5	AA
443	NA	NA	5	AA
444	35	NA	5	GG
445	NA	NA	5	AA
446	NA	293	5	AA
447	258	NA	5	GA
448	NA	146	5	GG
449	298	58	5	GG
450	NA	NA	5	GG
451	NA	NA	5	GA
452	NA	NA	5	GA
453	NA	NA	5	GG
454	NA	NA	5	AA
455	NA	142	5	GG
456	NA	NA	5	GA
457	NA	299	5	GA
458	120	146	5	GA
459	NA	99	5	GA
460	NA	132	5	AA
461	77	NA	5	AA
462	NA	NA	5	GA
463	NA	NA	5	NA
464	305	286	5	GA
465	318	147	5	GA
466	304	99	5	GG
467	NA	NA	5	GA
468	NA	99	5	GG
469	NA	NA	5	GG
470	NA	283	5	GG
471	NA	NA	5	GA
472	NA	NA	5	GA
473	148	172	5	AA
474	136	NA	5	GA
475	NA	NA	5	GA
476	40	134	5	GG
477	NA	143	5	GA
478	152	134	5	GG
479	152	134	5	GG
480	NA	NA	5	GA
481	NA	99	5	GG
482	348	NA	5	GA
483	NA	140	5	GG
484	NA	132	5	AA
485	238	140	5	GA
486	NA	NA	5	GA
487	144	268	5	GA
488	307	302	5	AA
489	68	142	5	GA
490	NA	140	5	GG
491	88	NA	5	GA
492	236	147	5	GG
493	139	NA	5	GA
494	261	NA	5	GG
495	312	278	5	GG
496	145	NA	5	GG
497	320	273	5	GA
498	264	NA	5	NA
499	NA	294	6	AA
500	NA	NA	6	GG
501	NA	NA	6	GA
502	NA	302	6	GG
503	NA	297	6	GG
504	254	NA	6	NA
505	369	NA	6	NA
506	22	NA	6	NA
507	NA	NA	6	GG
508	27	NA	6	NA
509	NA	NA	6	GA
510	185	NA	6	NA
511	NA	374	6	GA
512	120	283	6	GG
513	NA	NA	6	GA
514	373	NA	6	GG
515	NA	NA	6	AA
516	NA	137	6	GA
517	138	NA	6	GA
518	138	NA	6	GG
519	258	NA	6	GA
520	316	NA	6	AA
521	NA	NA	6	GG
522	306	451	6	GG
523	NA	NA	6	GG
524	NA	NA	6	GG
525	NA	140	6	GG
526	NA	NA	6	GG
527	NA	147	6	GA
528	304	147	6	GG
529	NA	313	6	GG
530	NA	NA	6	GG
531	275	NA	6	GA
532	399	268	6	GA
533	290	137	6	GA
534	290	137	6	GA
535	NA	286	6	GA
536	NA	NA	6	GG
537	NA	263	6	GA
538	229	297	6	GG
539	NA	NA	6	GG
540	478	268	6	GA
541	NA	451	6	GA
542	112	137	6	GG
543	112	137	6	GG
544	476	286	6	GG
545	479	268	6	GG
546	152	259	6	GA
547	152	259	6	GA
548	287	NA	6	GA
549	NA	NA	6	GA
550	NA	147	6	GA
551	37	259	6	AA
552	415	286	6	AA
553	NA	265	6	GA
554	NA	372	6	GG
555	NA	NA	6	GG
556	NA	NA	6	GG
557	305	299	6	GA
558	305	NA	6	GA
559	NA	NA	6	GA
560	NA	NA	6	GA
561	458	414	6	AA
562	318	147	6	GA
563	312	NA	6	AA
564	404	257	6	GA
565	53	NA	6	AA
566	NA	NA	6	GA
567	NA	286	6	GA
568	NA	291	6	GG
569	40	347	6	GA
570	NA	NA	6	AA
571	NA	380	6	GG
572	NA	NA	6	GG
573	NA	NA	6	GG
574	39	142	6	GG
575	39	292	6	GA
576	68	NA	6	GA
577	68	NA	6	AA
578	145	NA	6	AA
579	145	NA	6	GA
580	NA	286	6	GA
581	401	268	6	GA
582	308	NA	6	GA
583	238	291	6	GA
584	398	303	6	GG
585	239	NA	6	GA
586	317	NA	6	GA
587	NA	NA	6	GA
588	NA	137	6	GG
589	77	NA	6	GA
590	77	294	6	GA
591	NA	297	6	AA
592	NA	NA	6	GG
593	NA	142	6	GA
594	307	NA	6	GA
595	NA	313	6	GG
596	NA	294	6	GG
597	NA	NA	6	GA
598	348	278	6	GA
599	NA	278	6	GA
600	468	NA	6	GG
601	NA	NA	6	GG
602	NA	400	6	GA
603	NA	NA	6	GA
604	NA	283	6	GA
605	136	NA	6	GG
606	136	NA	6	GG
607	481	454	6	GA
608	NA	NA	6	GA
609	35	NA	6	GG
610	NA	147	6	GA
611	232	NA	6	NA
612	232	NA	6	GG
613	108	293	6	GA
614	108	265	6	GA
615	488	265	6	AA
616	379	292	6	GG
617	436	NA	6	GA
618	NA	443	6	GA
619	298	NA	6	GG
620	119	313	6	GA
621	139	NA	6	GG
622	227	137	6	GA
623	33	NA	6	GA
624	NA	265	6	AA
625	38	137	6	GG
626	315	NA	6	GG
627	236	NA	6	GA
628	NA	NA	6	GA
629	426	265	6	AA
630	NA	NA	6	AA
631	388	NA	6	GA
632	438	NA	6	GG
633	141	NA	6	NA
634	355	NA	6	GA
635	NA	NA	6	GA
636	NA	NA	6	GA
637	NA	NA	6	AA
638	135	146	6	GG
639	88	425	6	GA
640	NA	NA	6	NA
641	NA	142	6	GG
642	NA	286	6	GA
643	236	382	6	GG
644	144	265	6	GA
645	310	NA	6	AA
646	437	143	6	GG
647	434	270	6	GG
648	NA	270	6	GG
649	NA	NA	6	GA
650	NA	NA	6	GG
651	NA	NA	6	GA
652	NA	289	6	GA
653	NA	137	6	GA
654	419	NA	6	NA
655	109	429	6	GG
656	41	143	6	AA
657	356	NA	6	AA
658	NA	400	6	GA
659	NA	NA	6	AA
660	NA	NA	6	GG
661	NA	NA	6	GG
662	NA	381	6	GA
663	NA	NA	6	GG
664	NA	NA	6	GG
665	416	146	6	GA
666	NA	NA	6	GG
667	NA	NA	6	GG
668	NA	NA	6	GA
669	267	NA	6	GA
670	NA	NA	6	GA
671	NA	294	6	GA
672	NA	NA	6	GA
673	NA	271	6	GG
674	475	263	6	NA
675	487	NA	6	GG
676	NA	NA	6	AA
677	NA	283	6	GG
678	471	137	6	GG
679	237	NA	6	GA
680	237	365	6	GA
681	NA	NA	6	GA
682	386	NA	6	NA
683	464	137	6	GA
684	439	NA	6	GG
685	394	265	6	GA
686	234	NA	6	NA
687	NA	NA	7	NA
688	310	NA	7	AA
689	88	137	7	GG
690	404	NA	7	NA
691	NA	395	7	AA
692	NA	140	7	GG
693	373	NA	7	GA
694	NA	NA	7	GG
695	312	140	7	GA
696	464	265	7	GA
697	318	140	7	GG
698	444	NA	7	GA
699	489	265	7	GA
700	355	142	7	GG
701	290	347	7	AA
702	NA	270	7	GG
703	NA	270	7	GG
704	388	294	7	GG
705	53	NA	7	AA
706	298	517	7	GG
707	141	295	7	GG
708	NA	389	7	GA
709	68	296	7	AA
710	NA	418	7	GG
711	NA	293	7	GA
712	386	263	7	GG
713	306	NA	7	GA
714	305	396	7	GA
715	NA	NA	7	GA
716	NA	146	7	GA
717	NA	266	7	GG
718	NA	NA	7	GG
719	39	NA	7	AA
720	287	NA	7	GA
721	482	280	7	GA
722	238	NA	7	GA
723	NA	NA	7	GA
724	NA	NA	7	GA
725	NA	140	7	GA
726	478	NA	7	GG
727	523	286	7	GG
728	NA	286	7	GA
729	468	NA	7	GG
730	NA	NA	7	GG
731	479	452	7	GA
732	145	NA	7	GG
733	NA	295	7	GG
734	144	228	7	GG
735	37	142	7	GA
736	NA	NA	7	AA
737	NA	NA	7	GA
738	NA	NA	7	GA
739	40	NA	7	GG
740	NA	265	7	AA
741	NA	265	7	GA
742	NA	NA	7	GA
743	NA	140	7	GA
744	NA	NA	7	GG
745	33	442	7	AA
746	139	NA	7	GG
747	112	NA	7	GA
748	38	NA	7	GA
749	NA	450	7	GG
750	455	NA	7	GA
751	NA	265	7	GA
752	NA	NA	7	GA
753	148	443	7	AA
754	307	137	7	GG
755	NA	271	7	GA
756	109	NA	7	GA
757	232	140	7	GA
758	309	302	7	GG
759	239	270	7	GA
760	317	NA	7	GG
761	NA	303	7	AA
762	NA	303	7	GG
763	NA	NA	7	GG
764	NA	NA	7	GG
765	308	NA	7	AA
766	416	265	7	GA
767	135	NA	7	NA
768	NA	137	7	GA
769	136	281	7	GA
770	NA	265	7	GA
771	185	313	7	GG
772	490	644	7	GG
773	483	644	7	GA
774	NA	644	7	GA
775	236	397	7	GG
776	119	297	7	AA
777	39	558	7	GA
778	NA	279	7	GA
779	NA	NA	7	GG
780	NA	NA	7	GA
781	NA	NA	7	GA
782	NA	NA	7	GA
783	236	313	7	GG
784	NA	291	7	GG
785	305	256	7	AA
786	35	283	7	GG
787	229	292	7	GG
788	136	NA	7	GA
789	NA	NA	7	GG
790	NA	NA	7	GA
791	108	NA	7	GG
792	NA	NA	7	GG
793	NA	NA	7	GG
794	NA	280	7	GA
795	234	293	7	GA
796	NA	263	7	GG
797	NA	284	7	GA
798	NA	292	7	GA
799	NA	347	7	GA
800	NA	NA	7	GA
801	471	408	7	GA
802	520	302	7	GA
803	316	663	7	GA
804	120	NA	7	GG
805	485	294	7	GG
806	475	NA	7	NA
807	41	293	7	AA
808	NA	142	7	GA
809	515	273	7	AA
810	NA	147	7	GA
811	NA	146	7	GA
812	579	263	7	GG
813	401	293	7	GA
814	NA	292	7	GA
815	NA	292	7	GA
816	466	418	7	GG
817	640	266	7	GA
818	22	NA	7	GG
819	585	NA	7	AA
820	470	NA	7	GA
821	668	313	7	GA
822	591	453	7	GA
823	493	265	7	GA
824	NA	265	7	GA
825	NA	265	7	GA
826	227	NA	7	GA
827	492	NA	7	GG
828	492	273	7	GA
829	474	347	7	GG
830	628	302	7	AA
831	NA	313	7	GG
832	NA	NA	7	GA
833	481	270	7	GG
834	488	NA	7	AA
835	NA	NA	7	GA
836	NA	NA	7	GA
837	526	297	7	GG
838	537	551	7	AA
839	473	NA	7	NA
840	NA	142	7	GA
841	487	NA	7	GG
842	458	NA	7	NA
843	77	228	7	GA
844	77	418	7	GA
845	NA	NA	7	GG
846	NA	633	7	GG
847	NA	NA	7	GG
848	569	296	7	GG
849	348	NA	7	AA
850	586	453	7	GA
851	458	409	7	AA
852	500	265	7	GA
853	152	442	7	GA
854	609	NA	7	GG
855	480	NA	7	GA
856	311	389	7	NA
857	366	142	7	GG
858	108	NA	7	GG
859	568	NA	7	GA
860	670	449	7	GG
861	379	NA	7	AA
862	267	454	7	AA
863	641	137	7	GG
864	553	286	7	GG
865	NA	NA	7	AA
866	651	NA	7	GA
867	669	281	7	GA
868	523	427	8	GG
869	356	265	8	GA
870	311	465	8	AA
871	311	465	8	GA
872	358	465	8	GG
873	185	NA	8	NA
874	298	NA	8	NA
875	355	NA	8	NA
876	441	NA	8	NA
877	520	303	8	GA
878	NA	452	8	GA
879	537	395	8	AA
880	493	265	8	AA
881	316	265	8	GA
882	549	663	8	GA
883	475	511	8	GG
884	566	280	8	GA
885	NA	371	8	GG
886	386	300	8	GA
887	471	779	8	GA
888	471	NA	8	GG
889	479	NA	8	GG
890	305	265	8	AA
891	305	265	8	AA
892	478	253	8	GG
893	NA	140	8	GA
894	NA	140	8	GA
895	668	NA	8	AA
896	290	NA	8	AA
897	585	NA	8	GA
898	NA	137	8	GA
899	NA	NA	8	GA
900	NA	406	8	GA
901	318	663	8	GG
902	515	NA	8	GA
903	312	253	8	GG
904	651	300	8	GG
905	NA	NA	8	GA
906	NA	NA	8	AA
907	304	137	8	GG
908	NA	NA	8	GG
909	NA	709	8	GA
910	NA	NA	8	GA
911	NA	281	8	NA
912	53	469	8	GG
913	53	469	8	GG
914	568	753	8	GA
915	229	469	8	GG
916	148	NA	8	GA
917	NA	469	8	GG
918	310	299	8	GA
919	468	137	8	GG
920	388	NA	8	GA
921	388	427	8	GA
922	37	300	8	GA
923	718	462	8	GG
924	NA	281	8	GA
925	NA	NA	8	GA
926	NA	486	8	GG
927	39	281	8	GA
928	NA	253	8	GG
929	112	469	8	GA
930	112	469	8	GA
931	366	411	8	GG
932	306	408	8	NA
933	444	469	8	GG
934	444	469	8	GG
935	NA	NA	8	GA
936	481	469	8	GG
937	734	NA	8	GA
938	670	NA	8	GA
939	458	357	8	GG
940	464	427	8	GG
941	NA	280	8	GA
942	152	300	8	GA
943	152	281	8	GA
944	145	140	8	GA
945	489	256	8	AA
946	NA	281	8	GA
947	NA	NA	8	AA
948	379	381	8	GG
949	488	300	8	AA
950	527	NA	8	GG
951	348	357	8	GG
952	348	357	8	GA
953	309	NA	8	GG
954	482	357	8	GA
955	482	NA	8	GG
956	628	752	8	GA
957	NA	782	8	GA
958	307	NA	8	GG
959	NA	357	8	GG
960	794	696	8	GA
961	38	484	8	GA
962	38	265	8	GA
963	68	NA	8	GA
964	455	NA	8	NA
965	308	768	8	AA
966	470	442	8	GA
967	571	NA	8	GG
968	108	NA	8	GG
969	108	NA	8	GG
970	317	140	8	GA
971	232	381	8	GA
972	232	381	8	AA
973	35	NA	8	GA
974	35	427	8	GG
975	NA	NA	8	GG
976	NA	NA	8	GA
977	40	788	8	GG
978	NA	469	8	GG
979	NA	469	8	GG
980	238	424	8	GA
981	141	NA	8	GG
982	141	281	8	GG
983	NA	453	8	GG
984	NA	424	8	GG
985	698	281	8	NA
986	41	NA	8	GA
987	490	140	8	GG
988	456	300	8	GA
989	637	273	8	AA
990	738	469	8	GA
991	404	469	8	GG
992	474	454	8	GA
993	NA	273	8	AA
994	641	752	8	GA
995	139	300	8	GA
996	373	147	8	GG
997	NA	357	8	GG
998	NA	280	8	GG
999	459	NA	8	AA
1000	639	NA	8	GA
1001	NA	593	8	GA
1002	NA	593	8	GA
1003	776	147	8	AA
1004	754	280	8	GG
1005	136	NA	8	GG
1006	136	NA	8	GG
1007	553	NA	8	AA
1008	582	NA	8	GA
1009	254	469	8	GG
1010	NA	NA	8	AA
1011	NA	NA	8	GA
1012	473	NA	8	GA
1013	33	424	8	GG
1014	NA	NA	8	GG
1015	NA	NA	8	AA
1016	236	265	8	GA
1017	88	408	8	GG
1018	416	265	8	GA
1019	119	147	8	AA
1020	227	281	8	GA
1021	732	424	8	GG
1022	699	NA	8	AA
1023	786	265	8	GA
1024	728	467	8	GA
1025	466	140	8	GG
1026	144	NA	8	GG
1027	795	406	8	GA
1028	NA	137	8	GA
1029	239	253	8	GA
1030	483	147	8	GA
1031	135	253	8	GG
1032	NA	300	8	AA
1033	669	395	8	AA
1034	649	NA	8	GA
1035	109	NA	8	GA
1036	460	465	8	GA
1037	NA	265	8	GA
1038	234	280	8	GA
1039	NA	143	8	GG
1040	480	395	8	AA
1041	491	688	8	AA
1042	236	265	8	GA
1043	NA	450	8	GA
1044	NA	NA	8	GA
1045	NA	462	8	GA
1046	NA	NA	8	GA
1047	NA	NA	8	GG
1048	NA	469	8	GA
1049	NA	402	8	GG
1050	NA	NA	8	GA
1051	NA	442	8	GA
1052	757	453	8	GA
1053	714	NA	8	GG
1054	475	511	8	GG
1055	762	NA	8	GA
1056	767	408	8	GG
1057	777	281	8	GA
1058	145	427	8	GA
1059	735	253	8	GA
1060	774	565	8	AA
1061	759	705	8	AA
1062	NA	273	8	GA
1063	NA	511	8	AA
1064	476	NA	8	NA
1065	487	442	8	GA
1066	490	140	8	GG
1067	787	256	8	GA
1068	NA	273	8	GA
1069	711	NA	8	GG
1070	708	NA	8	GA
1071	722	409	8	NA
1072	742	NA	8	GA
1073	NA	663	8	GG
1074	689	NA	9	NA
1075	774	NA	9	NA
1076	722	NA	9	NA
1077	488	265	9	AA
1078	NA	NA	9	GG
1079	520	253	9	GA
1080	316	NA	9	GA
1081	549	790	9	GG
1082	NA	253	9	GA
1083	475	NA	9	GA
1084	401	1045	9	GG
1085	718	NA	9	GG
1086	537	411	9	GA
1087	373	NA	9	GA
1088	NA	427	9	GA
1089	473	NA	9	GA
1090	478	NA	9	GG
1091	479	293	9	GA
1092	112	411	9	GG
1093	509	273	9	AA
1094	53	253	9	GG
1095	229	NA	9	GG
1096	767	293	9	AA
1097	698	280	9	GG
1098	468	789	9	GG
1099	480	450	9	GA
1100	458	357	9	GG
1101	585	427	9	GG
1102	571	NA	9	GG
1103	477	408	9	GA
1104	306	454	9	GA
1105	386	NA	9	GA
1106	476	NA	9	GG
1107	515	NA	9	AA
1108	312	486	9	AA
1109	307	265	9	GA
1110	566	273	9	GA
1111	455	625	9	GG
1112	309	420	9	GG
1113	NA	253	9	GA
1114	670	357	9	GG
1115	39	793	9	GG
1116	304	NA	9	GG
1117	728	726	9	GG
1118	787	140	9	GG
1119	483	381	9	GG
1120	317	NA	9	AA
1121	471	NA	9	GA
1122	471	NA	9	GA
1123	68	253	9	GA
1124	68	253	9	GA
1125	NA	452	9	AA
1126	NA	140	9	GA
1127	388	427	9	NA
1128	388	281	9	GA
1129	777	454	9	AA
1130	651	462	9	GA
1131	NA	140	9	GG
1132	152	147	9	GA
1133	568	NA	9	GA
1134	490	486	9	GA
1135	490	442	9	GA
1136	366	424	9	GG
1137	527	NA	9	AA
1138	474	395	9	GA
1139	308	NA	9	AA
1140	735	273	9	AA
1141	108	NA	9	GA
1142	NA	273	9	GA
1143	444	NA	9	GG
1144	444	411	9	GG
1145	227	793	9	GA
1146	NA	424	9	GA
1147	NA	253	9	GA
1148	NA	253	9	GA
1149	238	273	9	AA
1150	641	281	9	GA
1151	470	427	9	GG
1152	487	253	9	GA
1153	459	NA	9	AA
1154	489	408	9	GG
1155	NA	253	9	GG
1156	481	293	9	GA
1157	481	293	9	GA
1158	668	NA	9	GA
1159	40	137	9	GG
1160	553	256	9	AA
1161	109	NA	9	GA
1162	38	1017	9	GG
1163	232	137	9	GG
1164	33	NA	9	AA
1165	33	NA	9	AA
1166	NA	450	9	GG
1167	NA	NA	9	GG
1168	NA	293	9	GA
1169	NA	933	9	GG
1170	493	427	9	GA
1171	136	408	9	GG
1172	136	424	9	GG
1173	236	427	9	GG
1174	236	427	9	GG
1175	639	NA	9	GA
1176	141	NA	9	GG
1177	141	NA	9	GA
1178	750	442	9	AA
1179	148	NA	9	AA
1180	889	467	9	GG
1181	795	424	9	GG
1182	NA	273	9	GA
1183	145	NA	9	GA
1184	144	469	9	GG
1185	144	408	9	GG
1186	35	137	9	GG
1187	290	137	9	GA
1188	355	NA	9	NA
1189	88	397	9	GG
1190	139	427	9	GG
1191	119	427	9	GA
1192	456	265	9	GA
1193	456	265	9	GA
1194	491	NA	9	AA
1195	749	NA	9	GA
1196	723	265	9	AA
1197	703	427	9	NA
1198	NA	147	9	GA
1199	37	273	9	AA
1200	708	NA	9	GA
1201	135	256	9	GA
1202	488	273	9	AA
1203	404	265	9	GA
1204	776	771	9	GA
1205	416	381	9	GG
1206	757	452	9	GG
1207	669	280	9	GA
1208	NA	792	9	GA
1209	358	397	9	GG
1210	318	1013	9	GG
1211	310	NA	9	GA
1212	NA	147	9	GA
1213	NA	273	9	GA
1214	41	427	9	GA
1215	NA	397	9	GG
1216	NA	NA	9	GA
1217	239	357	9	GA
1218	NA	NA	9	GA
1219	NA	450	9	GA
1220	NA	760	9	GA
1221	759	368	9	AA
1222	714	427	9	GA
1223	702	368	9	GA
1224	NA	NA	9	GA
1225	885	792	9	GG
1226	485	NA	9	AA
1227	877	790	9	AA
1228	738	357	9	GA
1229	NA	395	9	GA
1230	NA	140	9	GA
1231	970	395	9	AA
1232	731	452	9	AA
1233	318	253	9	GG
1234	NA	NA	9	AA
1235	318	696	9	GA
1236	1025	715	9	GG
1237	945	NA	9	AA
1238	906	256	9	AA
1239	749	427	9	GG
1240	938	273	9	AA
1241	NA	469	9	GG
1242	762	NA	9	GA
1243	994	761	9	AA
1244	1031	253	9	GG
1245	914	256	9	GA
1246	464	265	9	GA
1247	464	265	9	AA
1248	917	949	9	GA
1249	919	450	9	GG
1250	993	NA	9	AA
1251	794	147	9	GG
1252	NA	NA	9	GA
1253	892	NA	9	GA
1254	977	NA	9	NA
1255	487	253	9	GG
1256	732	NA	9	NA
1257	988	NA	9	NA
1258	348	357	9	GA
1259	348	357	9	GG
1260	145	NA	9	GG
1261	785	140	9	GA
1262	628	NA	9	AA
1263	742	NA	9	GA
1264	786	503	9	GG
1265	783	625	9	GG
1266	1026	NA	9	NA
1267	744	NA	9	GA
1268	456	707	10	GG
1269	479	395	10	GA
1270	458	1217	10	GG
1271	316	NA	10	GA
1272	444	753	10	GA
1273	493	427	10	GG
1274	549	NA	10	GG
1275	906	253	10	GA
1276	475	NA	10	GG
1277	1041	NA	10	AA
1278	373	427	10	GG
1279	718	NA	10	GG
1280	537	NA	10	GG
1281	290	368	10	AA
1282	290	368	10	AA
1283	298	253	10	GG
1284	585	253	10	GA
1285	478	715	10	GA
1286	NA	280	10	GG
1287	NA	NA	10	GA
1288	520	NA	10	GA
1289	702	NA	10	GA
1290	229	265	10	GA
1291	307	253	10	GG
1292	892	140	10	GG
1293	455	293	10	GA
1294	914	137	10	GA
1295	312	140	10	GG
1296	318	752	10	GG
1297	487	273	10	AA
1298	487	752	10	GG
1299	355	408	10	GG
1300	53	NA	10	GA
1301	566	253	10	GG
1302	993	NA	10	GA
1303	637	697	10	GA
1304	742	NA	10	GA
1305	1009	NA	10	GA
1306	509	707	10	GA
1307	386	140	10	GG
1308	476	454	10	GA
1309	708	NA	10	GA
1310	515	NA	10	AA
1311	388	273	10	GA
1312	388	273	10	AA
1313	698	1017	10	GG
1314	474	408	10	GA
1315	317	265	10	AA
1316	488	256	10	AA
1317	723	265	10	GA
1318	489	NA	10	GA
1319	670	NA	10	GA
1320	304	797	10	AA
1321	794	469	10	GG
1322	670	NA	10	GA
1323	39	NA	10	GA
1324	39	NA	10	GA
1325	468	1046	10	GA
1326	641	NA	10	GG
1327	40	NA	10	GG
1328	483	NA	10	GA
1329	NA	265	10	AA
1330	238	593	10	GA
1331	NA	NA	10	GA
1332	735	511	10	AA
1333	366	NA	10	GG
1334	470	NA	10	NA
1335	480	797	10	AA
1336	480	442	10	AA
1337	722	408	10	GA
1338	527	705	10	AA
1339	527	265	10	AA
1340	135	739	10	GG
1341	136	253	10	GG
1342	33	137	10	GA
1343	416	797	10	GA
1344	148	427	10	GA
1345	234	465	10	GG
1346	236	599	10	GG
1347	236	599	10	GA
1348	795	594	10	GG
1349	459	1029	10	AA
1350	491	NA	10	GA
1351	1026	273	10	GA
1352	787	NA	10	GA
1353	732	752	10	GA
1354	523	NA	10	GG
1355	310	NA	10	AA
1356	749	880	10	GA
1357	786	408	10	GG
1358	783	469	10	GG
1359	915	902	10	GA
1360	1011	427	10	GG
1361	728	265	10	AA
1362	490	469	10	GG
1363	553	771	10	GA
1364	68	726	10	GA
1365	139	465	10	GG
1366	227	486	10	AA
1367	776	408	10	GA
1368	649	NA	10	GA
1369	119	256	10	AA
1370	1015	395	10	AA
1371	404	NA	10	GA
1372	358	NA	10	GG
1373	473	NA	10	GA
1374	NA	265	10	GA
1375	767	427	10	GA
1376	767	427	10	GA
1377	764	427	10	GG
1378	309	NA	10	GA
1379	348	397	10	GG
1380	582	1045	10	AA
1381	1044	357	10	GA
1382	926	253	10	GG
1383	958	395	10	GA
1384	401	140	10	GG
1385	1006	395	10	GA
1386	NA	772	10	GG
1387	777	427	10	GA
1388	759	486	10	GA
1389	239	273	10	AA
1390	669	771	10	GG
1391	651	752	10	AA
1392	639	753	10	AA
1393	628	265	10	AA
1394	287	427	10	GG
1395	NA	NA	10	GA
1396	NA	1029	10	GA
1397	NA	281	10	GG
1398	NA	453	10	GG
1399	NA	454	10	AA
1400	703	442	10	GA
1401	NA	NA	10	GA
1402	NA	147	10	GA
1403	NA	469	10	GG
1404	NA	140	10	GA
1405	NA	NA	10	GA
1406	750	265	10	GA
1407	NA	411	10	GA
1408	NA	NA	10	GA
1409	NA	NA	10	GG
1410	NA	NA	10	GA
1411	NA	1106	10	GG
1412	689	NA	10	GA
1413	NA	450	10	GA
1414	NA	427	10	GG
1415	NA	NA	10	GA
1416	NA	644	10	GG
1417	NA	NA	10	AA
1418	930	427	10	NA
1419	NA	357	10	GA
1420	731	NA	10	AA
1421	NA	NA	10	GA
1422	927	427	10	GA
1423	927	253	10	GA
1424	889	454	10	GA
1425	477	357	10	GA
1426	946	427	10	GA
1427	970	140	10	GA
1428	932	1118	10	GG
1429	714	427	10	GG
1430	701	411	10	GA
1431	1166	265	10	GA
1432	785	408	10	GA
1433	785	902	10	GA
1434	NA	400	10	AA
1435	938	486	10	GA
1436	945	469	10	GA
1437	884	140	10	GG
1438	877	663	10	GG
1439	988	1152	10	GA
1440	928	NA	10	GG
1441	919	NA	10	GG
1442	774	886	10	GG
1443	774	886	10	GG
1444	984	NA	10	GG
1445	38	NA	10	GG
1446	791	NA	10	GG
1447	1025	273	10	GA
1448	232	408	10	GA
1449	311	NA	10	NA
1450	872	NA	10	GG
1451	1042	NA	10	GA
1452	139	465	10	GG
1453	386	NA	10	NA
1454	NA	671	10	GA
1455	NA	NA	10	GA
1456	NA	NA	10	GA
1457	NA	NA	10	GA
1458	310	NA	11	AA
1459	458	357	11	GG
1460	458	357	11	GG
1461	316	427	11	GA
1462	229	781	11	GG
1463	938	357	11	GG
1464	33	NA	11	NA
1465	298	NA	11	NA
1466	366	NA	11	NA
1467	NA	NA	11	GG
1468	714	NA	11	GG
1469	714	357	11	GA
1470	549	NA	11	NA
1471	1284	1360	11	GG
1472	1218	NA	11	NA
1473	1154	739	11	GG
1474	877	663	11	NA
1475	476	253	11	GG
1476	39	357	11	NA
1477	39	357	11	GG
1478	386	792	11	GG
1479	1087	NA	11	GA
1480	1111	NA	11	GA
1481	718	421	11	NA
1482	489	357	11	GG
1483	478	NA	11	GA
1484	892	450	11	GG
1485	373	253	11	GG
1486	1105	644	11	NA
1487	885	796	11	GG
1488	946	368	11	AA
1489	785	NA	11	AA
1490	904	550	11	GA
1491	388	450	11	GA
1492	388	450	11	GG
1493	988	775	11	GA
1494	988	NA	11	NA
1495	479	427	11	GG
1496	401	NA	11	GG
1497	490	937	11	GA
1498	1189	NA	11	GG
1499	290	705	11	AA
1500	1166	753	11	GA
1501	1126	253	11	GG
1502	307	253	11	GA
1503	1199	427	11	GA
1504	1307	450	11	GG
1505	945	NA	11	NA
1506	742	NA	11	AA
1507	1329	NA	11	GA
1508	906	753	11	AA
1509	906	NA	11	NA
1510	309	NA	11	NA
1511	571	752	11	NA
1512	571	NA	11	GA
1513	238	NA	11	NA
1514	515	NA	11	GA
1515	914	NA	11	NA
1516	914	NA	11	NA
1517	318	705	11	GA
1518	318	427	11	GG
1519	304	798	11	GG
1520	304	565	11	GA
1521	670	NA	11	AA
1522	470	NA	11	NA
1523	777	421	11	GG
1524	1311	1395	11	GG
1525	927	253	11	GA
1526	927	253	11	GA
1527	1041	450	11	GA
1528	482	450	11	GA
1529	703	NA	11	GA
1530	919	450	11	GG
1531	795	NA	11	GA
1532	1015	NA	11	GA
1533	1330	1308	11	GG
1534	641	421	11	GG
1535	309	NA	11	GG
1536	722	NA	11	GA
1537	915	550	11	GA
1538	234	NA	11	GA
1539	227	1411	11	GA
1540	1320	450	11	GA
1541	728	427	11	GA
1542	728	427	11	GG
1543	1042	357	11	NA
1544	119	NA	11	AA
1545	312	NA	11	AA
1546	1271	NA	11	GG
1547	958	NA	11	GG
1548	984	NA	11	GG
1549	148	NA	11	GA
1550	491	NA	11	GA
1551	749	NA	11	NA
1552	749	937	11	GG
1553	1201	450	11	GA
1554	1201	NA	11	NA
1555	628	NA	11	GG
1556	787	303	11	NA
1557	884	NA	11	GA
1558	236	550	11	GA
1559	236	792	11	GA
1560	232	NA	11	GG
1561	527	1017	11	GA
1562	527	644	11	AA
1563	928	644	11	GG
1564	776	NA	11	AA
1565	1369	NA	11	GA
1566	NA	797	11	GA
1567	1379	NA	11	GA
1568	493	705	11	GA
1569	977	253	11	NA
1570	1296	253	11	GG
1571	456	550	11	NA
1572	1092	644	11	GG
1573	732	969	11	GG
1574	732	792	11	GG
1575	1334	NA	11	NA
1576	783	NA	11	GG
1577	1350	400	11	GA
1578	1368	1220	11	GG
1579	993	NA	11	NA
1580	481	NA	11	NA
1581	348	NA	11	GA
1582	1279	705	11	GA
1583	1315	792	11	GA
1584	669	NA	11	GA
1585	136	1047	11	GG
1586	786	NA	11	GA
1587	1306	NA	11	NA
1588	1363	NA	11	GA
1589	NA	NA	11	GA
1590	757	486	11	GG
1591	468	1362	11	GG
1592	239	1050	11	AA
1593	872	796	11	GG
1594	480	1049	11	GA
1595	1361	705	11	AA
1596	731	NA	11	NA
1597	553	253	11	GA
1598	1006	NA	11	NA
1599	708	705	11	GA
1600	708	705	11	AA
1601	1377	NA	11	NA
1602	487	1407	11	GA
1603	487	1351	11	AA
1604	702	1331	11	GG
1605	1025	880	11	GA
1606	1394	644	11	GA
1607	767	1366	11	AA
1608	889	752	11	GA
1609	287	771	11	GG
1610	723	644	11	AA
1611	932	796	11	GG
1612	566	NA	11	GG
1613	NA	1382	11	GG
1614	NA	550	11	AA
1615	NA	771	11	GA
1616	744	NA	11	GG
1617	1026	781	11	GA
1618	88	NA	11	GG
1619	639	697	11	GG
1620	869	467	11	GA
1621	135	880	11	NA
1622	649	752	11	GA
1623	794	880	11	GA
1624	764	357	11	GG
1625	358	NA	11	GA
1626	492	1308	11	GA
1627	88	902	11	GA
1628	1011	NA	11	AA
1629	1194	NA	11	GA
1630	582	798	11	AA
1631	701	NA	11	GA
1632	444	NA	11	GG
1633	139	NA	11	GG
1634	NA	NA	11	AA
1635	NA	NA	11	AA
1636	698	705	11	GA
1637	1375	880	11	GA
1638	1318	357	11	GG
1639	483	NA	11	GG
1640	585	357	11	GG
1641	637	771	11	GA
1642	NA	779	11	GA
1643	NA	1300	11	GA
1644	459	NA	11	GA
1645	473	NA	11	GA
1646	NA	NA	11	AA
1647	40	663	11	GG
1648	NA	427	11	GA
1649	53	357	11	GG
1650	477	NA	11	GG
1651	NA	797	11	GA
1652	NA	NA	11	GA
1653	488	421	11	GA
1654	NA	NA	11	GG
1655	NA	644	11	GG
1656	1293	NA	11	GA
1657	NA	NA	11	GA
1658	NA	NA	11	AA
1659	416	800	11	GA
1660	308	969	11	GA
1661	NA	421	11	GA
1662	NA	705	11	GA
1663	509	NA	11	GA
1664	983	1047	11	GG
1665	735	1008	11	GG
1666	NA	565	11	AA
1667	136	797	11	GA
1668	NA	1048	11	GA
1669	NA	NA	11	GA
1670	NA	775	11	NA
1671	1080	253	11	GG
1672	750	897	11	AA
1673	1343	NA	11	GA
1674	1273	796	11	GG
1675	1325	705	11	AA
1676	1333	663	11	GG
1677	1312	705	11	AA
1678	1344	NA	11	GG
1679	1313	1413	11	GA
1680	1292	NA	11	GG
1681	1291	1043	11	NA
1682	1309	NA	11	AA
1683	759	798	11	AA
1684	1359	253	11	GA
1685	1338	1310	11	AA
1686	NA	253	11	GG
1687	1371	1316	11	AA
1688	1009	NA	11	GA
1689	1009	644	11	GG
1690	NA	NA	11	GA
1691	NA	NA	11	AA
1692	NA	293	11	AA
1693	NA	797	11	GA
1694	373	427	12	GG
1695	316	752	12	GG
1696	227	697	12	GA
1697	877	1406	12	GG
1698	1092	799	12	GG
1699	759	NA	12	GA
1700	549	644	12	GA
1701	493	705	12	GA
1702	1307	796	12	GG
1703	1279	687	12	GA
1704	480	NA	12	GA
1705	290	779	12	GA
1706	1201	NA	12	AA
1707	639	NA	12	AA
1708	701	753	12	AA
1709	757	687	12	GA
1710	229	771	12	GG
1711	1166	1688	12	GG
1712	932	253	12	GG
1713	731	799	12	GA
1714	388	1376	12	GA
1715	388	357	12	GG
1716	1272	792	12	GG
1717	386	253	12	GG
1718	906	NA	12	AA
1719	571	NA	12	GG
1720	1199	486	12	AA
1721	1306	798	12	GA
1722	477	NA	12	GG
1723	1292	NA	12	GG
1724	479	253	12	GG
1725	53	792	12	GA
1726	53	792	12	GG
1727	892	644	12	GA
1728	444	NA	12	GG
1729	444	NA	12	GA
1730	1269	1043	12	AA
1731	478	357	12	GG
1732	NA	753	12	AA
1733	785	1046	12	AA
1734	785	NA	12	AA
1735	509	NA	12	GA
1736	298	790	12	GG
1737	1389	697	12	GA
1738	487	400	12	AA
1739	487	400	12	AA
1740	702	405	12	GG
1741	1394	253	12	GG
1742	714	NA	12	GG
1743	919	NA	12	GG
1744	566	880	12	GA
1745	515	753	12	AA
1746	515	1220	12	AA
1747	1284	486	12	AA
1748	889	NA	12	GA
1749	1333	771	12	GG
1750	885	800	12	GG
1751	722	NA	12	GA
1752	703	NA	12	GG
1753	723	NA	12	AA
1754	1207	NA	12	GA
1755	946	753	12	GA
1756	312	715	12	AA
1757	1312	1392	12	AA
1758	742	644	12	AA
1759	670	792	12	GG
1760	698	253	12	GA
1761	728	427	12	GA
1762	728	405	12	GA
1763	914	880	12	GA
1764	1359	NA	12	AA
1765	NA	797	12	GA
1766	NA	797	12	GA
1767	1126	1634	12	GA
1768	1015	405	12	GA
1769	1320	486	12	GA
1770	1352	NA	12	AA
1771	309	NA	12	GA
1772	481	792	12	GG
1773	481	NA	12	GG
1774	483	798	12	GA
1775	794	705	12	AA
1776	938	705	12	GA
1777	927	253	12	GA
1778	238	357	12	GA
1779	1330	NA	12	GG
1780	307	1353	12	GA
1781	915	NA	12	GG
1782	366	427	12	GG
1783	926	NA	12	GA
1784	651	792	12	GA
1785	318	NA	12	GG
1786	318	1372	12	GG
1787	358	880	12	GA
1788	1025	1534	12	GG
1789	489	736	12	AA
1790	956	NA	12	GG
1791	404	NA	12	GA
1792	983	772	12	GG
1793	928	NA	12	GG
1794	33	779	12	GG
1795	1154	775	12	GG
1796	783	NA	12	GA
1797	491	796	12	GG
1798	993	357	12	GA
1799	993	357	12	GA
1800	749	1387	12	GA
1801	749	796	12	GG
1802	641	796	12	NA
1803	708	1049	12	GA
1804	708	1409	12	GA
1805	468	644	12	GA
1806	958	644	12	GG
1807	1291	NA	12	GG
1808	317	902	12	GA
1809	1087	NA	12	GA
1810	774	792	12	GA
1811	774	NA	12	GA
1812	NA	1387	12	GA
1813	1396	357	12	GA
1814	991	NA	12	GA
1815	348	753	12	GA
1816	776	1331	12	AA
1817	884	1073	12	GG
1818	308	NA	12	GA
1819	945	775	12	GA
1820	476	NA	12	GA
1821	416	644	12	GG
1822	1006	NA	12	GA
1823	236	357	12	GA
1824	236	NA	12	AA
1825	689	NA	12	GG
1826	41	NA	12	AA
1827	488	799	12	AA
1828	786	644	12	GA
1829	239	NA	12	AA
1830	490	753	12	GA
1831	872	NA	12	GG
1832	148	969	12	GA
1833	984	797	12	GA
1834	553	739	12	GG
1835	553	644	12	GA
1836	136	368	12	GA
1837	1592	1407	12	AA
1838	473	357	12	GA
1839	473	357	12	GA
1840	NA	902	12	GA
1841	1080	NA	12	GA
1842	791	797	12	GG
1843	NA	799	12	GA
1844	455	1610	12	GA
1845	1105	1388	12	GA
1846	764	NA	12	GG
1847	458	797	12	GA
1848	795	NA	12	GA
1849	1377	NA	12	GA
1850	787	1073	12	GG
1851	767	599	12	GA
1852	767	880	12	GA
1853	139	NA	12	GA
1854	38	NA	12	GG
1855	NA	969	12	GG
1856	NA	NA	12	GG
1857	474	253	12	GA
1858	NA	NA	12	AA
1859	732	NA	12	GG
1860	732	599	12	GG
1861	119	705	12	AA
1862	649	781	12	GG
1863	310	NA	12	AA
1864	88	1390	12	GA
1865	1373	368	12	GA
1866	401	253	12	GG
1867	NA	644	12	GA
1868	1325	1366	12	GA
1869	459	781	12	GA
1870	1273	253	12	GG
1871	NA	NA	12	GA
1872	NA	NA	12	GA
1873	1041	NA	12	AA
1874	527	736	12	NA
1875	1189	565	12	GA
1876	869	NA	12	NA
1877	1026	NA	12	GG
1878	988	NA	12	GA
1879	977	463	12	NA
1880	1042	NA	12	NA
1881	NA	798	12	AA
1882	NA	NA	12	GG
1883	NA	NA	12	GG
1884	NA	644	12	AA
1885	1218	969	12	GA
1886	610	NA	12	GG
1887	1318	705	12	GA
1888	1581	427	12	GA
1889	1400	NA	12	GA
1890	777	427	12	NA
1891	1363	1300	12	GG
1892	1346	NA	12	GA
1893	585	253	12	GG
1894	1329	NA	12	AA
1895	1294	792	12	GG
1896	1370	739	12	GA
1897	1532	NA	12	NA
1898	1611	800	12	NA
1899	1475	461	12	GA
1900	1497	1409	12	NA
1901	1532	969	12	GG
1902	304	NA	12	NA
1903	304	NA	12	NA
1904	1499	NA	12	GA
1905	1302	NA	12	NA
1906	1271	1390	12	NA
1907	1338	1321	12	GA
1908	1361	427	12	GA
1909	1662	253	12	GG
1910	234	NA	12	GA
1911	718	752	12	GA
1912	735	1008	12	GA
1913	NA	NA	12	GA
1914	NA	790	12	GA
1915	NA	1356	12	GA
1916	NA	NA	12	GG
1917	NA	1047	12	GA
1918	NA	614	12	AA
1919	NA	797	12	AA
1920	NA	1008	12	GG
1921	NA	NA	12	AA
1922	NA	NA	12	GA
1923	NA	790	12	GA
1924	NA	NA	12	GA
1925	946	550	13	AA
1926	1789	NA	13	NA
1927	229	NA	13	GG
1928	316	771	13	GA
1929	1307	937	13	GA
1930	NA	1365	13	GG
1931	718	753	13	GA
1932	493	1017	13	GA
1933	885	753	13	GA
1934	1201	880	13	GA
1935	1218	1388	13	GA
1936	1330	897	13	GG
1937	1499	796	13	GA
1938	714	644	13	GG
1939	1611	1403	13	GG
1940	708	941	13	AA
1941	527	644	13	GA
1942	527	1341	13	GA
1943	304	781	13	GG
1944	1630	1017	13	NA
1945	1346	1219	13	GA
1946	290	1501	13	GA
1947	290	253	13	NA
1948	1292	1047	13	GG
1949	1636	1376	13	GG
1950	670	1414	13	GA
1951	1272	1397	13	GA
1952	298	644	13	GG
1953	889	1376	13	GG
1954	932	753	13	GA
1955	318	1220	13	GA
1956	794	880	13	AA
1957	515	753	13	AA
1958	1309	1073	13	GA
1959	701	1403	13	GA
1960	1370	1413	13	AA
1961	1284	550	13	AA
1962	728	880	13	AA
1963	728	796	13	GA
1964	468	NA	13	GG
1965	468	NA	13	GG
1966	759	1411	13	GG
1967	1537	NA	13	GG
1968	373	797	13	GG
1969	906	1047	13	GA
1970	1504	486	13	GG
1971	566	NA	13	GG
1972	1041	NA	13	AA
1973	1041	NA	13	GA
1974	386	753	13	GA
1975	1306	1048	13	AA
1976	NA	486	13	GG
1977	239	796	13	GA
1978	483	NA	13	GG
1979	919	550	13	GG
1980	919	550	13	GG
1981	1384	771	13	GG
1982	1384	NA	13	GG
1983	938	NA	13	GA
1984	1025	NA	13	GG
1985	1025	644	13	GG
1986	236	753	13	AA
1987	236	NA	13	GA
1988	1087	486	13	AA
1989	582	715	13	GA
1990	1359	1604	13	GG
1991	731	781	13	GA
1992	945	796	13	GA
1993	915	1390	13	GG
1994	651	753	13	AA
1995	702	1387	13	GA
1996	1361	663	13	GA
1997	946	781	13	AA
1998	1325	1043	13	AA
1999	795	NA	13	NA
2000	795	880	13	AA
2001	914	NA	13	AA
2002	401	NA	13	GA
2003	988	NA	13	GA
2004	1279	1590	13	GG
2005	1389	796	13	GA
2006	509	797	13	GA
2007	1291	705	13	GA
2008	892	NA	13	GA
2009	641	NA	13	GA
2010	785	1048	13	GA
2011	785	1047	13	GA
2012	1377	NA	13	GG
2013	722	NA	13	NA
2014	757	NA	13	NA
2015	783	550	13	GG
2016	1320	1219	13	NA
2017	459	NA	13	GA
2018	585	781	13	GA
2019	388	NA	13	GG
2020	388	NA	13	GA
2021	1015	486	13	GA
2022	489	1416	13	GG
2023	698	486	13	AA
2024	1487	NA	13	GG
2025	1293	NA	13	AA
2026	479	897	13	NA
2027	308	753	13	AA
2028	723	644	13	GA
2029	1312	965	13	AA
2030	993	NA	13	AA
2031	767	NA	13	GG
2032	NA	486	13	GA
2033	1502	1047	13	GG
2034	689	NA	13	GA
2035	1396	NA	13	GA
2036	639	NA	13	GA
2037	884	NA	13	GG
2038	1329	NA	13	GA
2039	307	NA	13	GA
2040	1126	796	13	GG
2041	958	253	13	GG
2042	983	599	13	GG
2043	1269	1043	13	GA
2044	970	1050	13	AA
2045	970	1050	13	AA
2046	1352	NA	13	GA
2047	872	NA	13	GA
2048	1549	NA	13	GA
2049	238	781	13	AA
2050	1105	1073	13	GG
2051	787	NA	13	GG
2052	928	705	13	GA
2053	928	NA	13	GG
2054	1318	NA	13	AA
2055	1394	1615	13	GA
2056	904	1049	13	GG
2057	991	1046	13	GG
2058	317	NA	13	GA
2059	1207	NA	13	GA
2060	366	NA	13	GA
2061	1092	771	13	NA
2062	490	NA	13	GA
2063	1479	1017	13	GA
2064	742	NA	13	GA
2065	735	NA	13	GA
2066	477	NA	13	GA
2067	1623	1414	13	GA
2068	774	486	13	GG
2069	444	NA	13	GA
2070	444	NA	13	GA
2071	977	253	13	GG
2072	1335	NA	13	GA
2073	1342	NA	13	GG
2074	232	796	13	NA
2075	232	796	13	GA
2076	1006	NA	13	GG
2077	1006	NA	13	GG
2078	1273	NA	13	GG
2079	476	NA	13	GG
2080	1490	1366	13	GA
2081	355	1017	13	GG
2082	404	1341	13	GG
2083	791	644	13	GG
2084	NA	1029	13	GG
2085	NA	1856	13	GG
2086	1294	753	13	AA
2087	491	NA	13	GA
2088	1189	902	13	GG
2089	1042	797	13	GA
2090	764	NA	13	GA
2091	139	NA	13	GG
2092	416	644	13	GG
2093	553	1390	13	GA
2094	553	1390	13	GA
2095	776	796	13	GA
2096	776	1387	13	GA
2097	473	NA	13	GA
2098	1626	NA	13	GG
2099	119	880	13	AA
2100	1343	798	13	GA
2101	492	NA	13	GA
2102	348	NA	13	AA
2103	348	NA	13	GA
2104	984	1365	13	GG
2105	1302	467	13	AA
2106	455	550	13	GG
2107	1663	NA	13	GA
2108	1648	NA	13	AA
2109	1026	781	13	GG
2110	NA	NA	13	GA
2111	1268	753	13	GA
2112	1807	1608	13	GA
2113	669	797	13	GA
2114	1812	NA	13	GG
2115	1592	1047	13	GA
2116	NA	NA	13	GA
2117	1607	NA	13	GA
2118	1597	253	13	GA
2119	135	705	13	GA
2120	549	NA	13	NA
2121	703	1045	13	GG
2122	1386	NA	13	GA
2123	475	1388	13	AA
2124	1080	797	13	AA
2125	927	753	13	AA
2126	927	753	13	GA
2127	1530	753	13	GA
2128	1400	1372	13	GG
2129	1271	781	13	GA
2130	708	1220	13	AA
2131	1736	NA	13	GG
2132	NA	1043	13	AA
2133	1784	1506	13	AA
2134	938	1668	13	GG
2135	1528	796	13	GA
2136	549	486	13	GA
2137	610	798	13	NA
2138	1751	705	13	AA
2139	1763	902	13	GA
2140	1166	NA	13	NA
2141	NA	253	13	GA
2142	234	1387	13	GG
2143	1618	1046	13	GG
2144	1338	1017	13	GA
2145	310	NA	13	GA
2146	1645	NA	13	GA
2147	649	781	13	AA
2148	1622	NA	13	GA
2149	1373	NA	13	AA
2150	869	NA	13	GG
2151	358	1219	13	GG
2152	1011	NA	13	AA
2153	956	NA	13	GA
2154	NA	937	13	GG
2155	1044	1669	13	GA
2156	1111	705	13	GA
2157	1845	1362	13	GA
2158	NA	1300	13	AA
2159	1199	1390	13	GA
2160	1154	1388	13	GG
2161	786	644	13	GA
2162	1178	NA	13	AA
2163	314	771	13	GG
2164	NA	NA	13	GA
2165	1398	880	13	GA
2166	NA	1049	13	GA
2167	NA	NA	13	AA
2168	NA	663	13	GG
2169	1371	1017	13	GA
2170	750	1047	13	GG
2171	NA	NA	13	GA
2172	NA	NA	13	AA
2173	NA	NA	13	GA
2174	NA	NA	13	AA
2175	NA	NA	13	AA
2176	NA	1297	13	GA
2177	NA	NA	13	AA
2178	NA	1008	13	GA
2179	NA	NA	13	AA
2180	493	NA	14	GA
2181	914	1380	14	GA
2182	889	NA	14	GG
2183	585	797	14	GG
2184	NA	1073	14	GG
2185	1499	NA	14	AA
2186	1279	1220	14	GA
2187	479	797	14	GG
2188	1271	NA	14	GG
2189	938	1356	14	GG
2190	1292	941	14	GA
2191	1611	NA	14	GG
2192	1394	1916	14	GG
2193	1389	1017	14	GA
2194	1284	NA	14	GA
2195	1592	1573	14	GA
2196	1630	1220	14	GA
2197	1080	753	14	AA
2198	1400	1360	14	GG
2199	698	NA	14	GA
2200	1370	1047	14	GA
2201	932	NA	14	GA
2202	1272	796	14	GA
2203	1329	NA	14	GA
2204	1126	1049	14	GA
2205	373	NA	14	GG
2206	444	796	14	GG
2207	388	705	14	AA
2208	1201	1759	14	GA
2209	1530	1411	14	GG
2210	774	NA	14	GA
2211	1291	1397	14	GG
2212	1740	1073	14	GG
2213	1528	NA	14	AA
2214	946	1046	14	AA
2215	885	1573	14	GG
2216	892	NA	14	GA
2217	892	NA	14	GA
2218	1189	NA	14	GA
2219	1473	796	14	GG
2220	759	1627	14	GG
2221	1087	1994	14	AA
2222	1302	368	14	GA
2223	1361	NA	14	GA
2224	1352	NA	14	GA
2225	926	1415	14	GG
2226	1359	1356	14	AA
2227	1504	1395	14	GA
2228	1318	NA	14	GA
2229	794	705	14	AA
2230	489	NA	14	GA
2231	1207	797	14	GA
2232	1273	1073	14	GG
2233	915	796	14	GG
2234	651	NA	14	GA
2235	919	1668	14	GA
2236	919	796	14	GG
2237	689	1759	14	NA
2238	872	NA	14	GG
2239	1623	1073	14	GG
2240	1325	796	14	GG
2241	NA	1693	14	AA
2242	1015	1267	14	GA
2243	945	1415	14	GA
2244	1335	797	14	AA
2245	1479	NA	14	GA
2246	1154	NA	14	GA
2247	1320	753	14	AA
2248	459	NA	14	AA
2249	1293	790	14	AA
2250	1665	1953	14	GG
2251	1648	NA	14	AA
2252	NA	1049	14	GA
2253	884	797	14	AA
2254	993	797	14	GA
2255	993	NA	14	GA
2256	1307	NA	14	GA
2257	1294	1770	14	AA
2258	1338	753	14	AA
2259	787	NA	14	GG
2260	1597	NA	14	AA
2261	1502	NA	14	GA
2262	958	NA	14	GA
2263	1663	1506	14	GA
2264	566	1046	14	GG
2265	750	1416	14	GG
2266	977	753	14	GA
2267	1026	1017	14	GG
2268	776	1387	14	GA
2269	1645	NA	14	GG
2270	1343	797	14	GA
2271	791	797	14	GG
2272	1199	798	14	GA
2273	1763	1501	14	GA
2274	1386	NA	14	GA
2275	1641	NA	14	GA
2276	NA	1029	14	GG
2277	NA	1029	14	GA
2278	1818	1415	14	AA
2279	NA	NA	14	GA
2280	1626	NA	14	GA
2281	1268	772	14	GG
2282	1830	1414	14	GA
2283	1011	NA	14	GA
2284	869	NA	14	AA
2285	1532	753	14	GA
2286	1373	1415	14	GA
2287	1384	941	14	GA
2288	1797	1017	14	GG
2289	229	771	14	GG
2290	358	1356	14	GG
2291	358	NA	14	GG
2292	1549	NA	14	AA
2293	491	NA	14	GA
2294	1377	1568	14	GA
2295	1398	NA	14	GA
2296	786	1323	14	GA
2297	718	NA	14	GA
2298	NA	NA	14	GG
2299	610	1365	14	GG
2300	1487	796	14	GG
2301	NA	1351	14	AA
2302	1912	1047	14	GA
2303	1784	796	14	GG
2304	1330	NA	14	GG
2305	1400	NA	14	GA
2306	1911	1050	14	GA
2307	1721	1073	14	GA
2308	1932	1047	14	GG
2309	1807	NA	14	GG
2310	1695	565	14	GA
2311	1700	753	14	AA
2312	1841	1670	14	AA
2313	NA	NA	14	AA
2314	1821	NA	14	GA
2315	2140	1337	14	GA
2316	722	NA	14	GG
2317	2051	1501	14	GG
2318	1009	NA	14	GG
2319	1041	1917	14	GA
2320	1349	736	14	AA
2321	767	368	14	AA
2322	1041	NA	14	NA
2323	314	1017	14	GA
2324	2155	1047	14	GA
2325	NA	1046	14	AA
2326	1306	368	14	GA
2327	1718	565	14	AA
2328	1689	1045	14	GA
2329	NA	368	14	AA
2330	1527	1331	14	GG
2331	764	NA	14	GA
2332	1547	NA	14	GA
2333	1396	NA	14	GA
2334	731	1017	14	GG
2335	NA	NA	14	AA
2336	NA	1331	14	GA
2337	NA	1501	14	GA
2338	NA	1604	14	GG
2339	NA	697	14	GA
2340	NA	1048	14	GA
2341	NA	NA	14	GA
2342	NA	NA	14	GA
2343	NA	NA	14	AA
2344	NA	NA	14	GA
2345	NA	NA	14	AA
2346	NA	NA	14	AA
2347	NA	1029	14	GA
2348	NA	NA	14	GA
2349	NA	NA	14	AA
2350	NA	NA	14	GG
2351	NA	NA	14	GA
2352	NA	1356	14	GG
2353	NA	1692	14	GA
2354	NA	1501	14	GG
2355	NA	663	14	GA
2356	1304	1397	14	GA
2357	NA	NA	14	GG
2358	NA	NA	14	AA
2359	NA	NA	14	GA
2360	NA	790	14	GG
2361	NA	1692	14	AA
2362	NA	NA	14	GA
2363	NA	NA	14	GA
2364	NA	1029	14	GA
2365	NA	400	14	AA
2366	NA	NA	14	GA
2367	1025	1388	15	GA
2368	1025	1388	15	GG
2369	566	1050	15	GG
2370	1359	1416	15	GG
2371	1318	1050	15	GG
2372	1499	2252	15	AA
2373	1087	1416	15	GG
2374	1166	2186	15	GA
2375	885	1388	15	GG
2376	493	1770	15	AA
2377	NA	1388	15	GA
2378	1271	1501	15	GA
2379	1992	NA	15	GA
2380	1928	1376	15	GA
2381	388	1388	15	GG
2382	388	2239	15	GG
2383	1611	NA	15	GG
2384	1611	NA	15	GA
2385	946	NA	15	AA
2386	946	1046	15	GA
2387	1718	NA	15	AA
2388	1537	797	15	AA
2389	914	1690	15	GG
2390	914	1501	15	GA
2391	1592	1918	15	AA
2392	2140	NA	15	GA
2393	1487	NA	15	GG
2394	698	NA	15	GG
2395	1015	NA	15	GA
2396	932	1388	15	GA
2397	1272	NA	15	GG
2398	1912	NA	15	GG
2399	NA	1693	15	AA
2400	2015	1048	15	GG
2401	915	1376	15	GG
2402	1154	NA	15	GA
2403	1479	1858	15	AA
2404	1394	NA	15	GA
2405	2055	2177	15	GA
2406	2051	1759	15	GG
2407	926	1387	15	GG
2408	479	NA	15	GG
2409	1528	1690	15	AA
2410	1294	1688	15	GA
2411	889	1381	15	GG
2412	1504	NA	15	GA
2413	1818	NA	15	GA
2414	722	NA	15	GG
2415	2098	NA	15	GG
2416	2001	797	15	AA
2417	651	NA	15	AA
2418	1400	NA	15	GG
2419	1306	1858	15	AA
2420	2247	1048	15	AA
2421	1784	1858	15	AA
2422	919	NA	15	GA
2423	919	NA	15	GG
2424	1292	1501	15	GG
2425	1292	1688	15	GG
2426	787	NA	15	GG
2427	1201	2239	15	GG
2428	774	NA	15	GA
2429	1320	1668	15	AA
2430	585	1501	15	GG
2431	1273	NA	15	GA
2432	892	NA	15	GA
2433	731	1387	15	AA
2434	993	1691	15	AA
2435	993	1691	15	AA
2436	444	NA	15	GG
2437	444	NA	15	GA
2438	1490	NA	15	GA
2439	1370	1416	15	GA
2440	794	NA	15	GA
2441	794	NA	15	GG
2442	1932	1918	15	AA
2443	892	NA	15	GG
2444	759	1355	15	AA
2445	1352	NA	15	GA
2446	1373	NA	15	GA
2447	1329	1454	15	AA
2448	1284	2207	15	GA
2449	938	2343	15	AA
2450	1710	1501	15	GG
2451	1530	1691	15	GA
2452	1530	1416	15	GG
2453	1386	NA	15	GA
2454	1695	1454	15	GA
2455	NA	1457	15	AA
2456	NA	1457	15	GA
2457	1830	2337	15	GA
2458	904	2177	15	GA
2459	1911	1922	15	AA
2460	1700	1351	15	GA
2461	1291	1362	15	NA
2462	1291	797	15	NA
2463	1502	1918	15	AA
2464	1721	1048	15	GA
2465	NA	NA	15	AA
2466	1793	NA	15	GG
2467	1623	1048	15	GG
2468	1189	1668	15	GG
2469	1821	1691	15	GA
2470	1763	NA	15	GA
2471	1532	NA	15	GA
2472	958	1388	15	GA
2473	2196	NA	15	GA
2474	1307	NA	15	GA
2475	NA	NA	15	GA
2476	NA	NA	15	AA
2477	1597	1388	15	GG
2478	1338	736	15	AA
2479	718	797	15	GA
2480	1325	NA	15	GA
2481	1325	NA	15	GA
2482	1279	2221	15	GA
2483	1807	NA	15	GG
2484	1648	1048	15	GA
2485	1689	NA	15	GA
2486	795	NA	15	GA
2487	1041	NA	15	GA
2488	491	1048	15	GA
2489	1384	1649	15	GG
2490	1473	NA	15	GG
2491	1665	2240	15	GG
2492	1302	NA	15	AA
2493	872	NA	15	GA
2494	1855	NA	15	GA
2495	1663	736	15	AA
2496	1549	NA	15	GG
2497	1330	NA	15	GA
2498	776	1355	15	AA
2499	1361	1649	15	GA
2500	1361	NA	15	GA
2501	1626	2218	15	GG
2502	1626	NA	15	AA
2503	459	2292	15	GA
2504	1335	NA	15	GA
2505	358	1691	15	GA
2506	2200	2340	15	GG
2507	1268	1918	15	GA
2508	1377	NA	15	GG
2509	1011	NA	15	GG
2510	2217	1501	15	GA
2511	2286	NA	15	GA
2512	2115	1388	15	GA
2513	373	1366	15	GA
2514	1271	2233	15	GA
2515	1345	1691	15	GA
2516	2199	1388	15	GA
2517	229	NA	15	GA
2518	2191	2365	15	GA
2519	2183	2260	15	GA
2520	2181	1688	15	GA
2521	2225	1688	15	GA
2522	2289	NA	15	GG
2523	1338	2215	15	GA
2524	2242	2189	15	GG
2525	2185	NA	15	AA
2526	2272	1770	15	GA
2527	2328	1388	15	GA
2528	2273	NA	15	AA
2529	2287	NA	15	NA
2530	2291	2239	15	GG
2531	2213	1717	15	GA
2532	2268	NA	15	GA
2533	2262	NA	15	AA
2534	2223	1351	15	GA
2535	2269	1048	15	GA
2536	482	1362	15	GA
2537	1398	1356	15	GA
2538	2280	2284	15	GA
2539	1645	2218	15	GA
2540	869	1048	15	AA
2541	1841	1387	15	GG
2542	509	2345	15	GA
2543	2331	1668	15	GA
2544	1396	1668	15	GA
2545	1371	NA	15	GA
2546	1547	NA	15	GA
2547	NA	NA	15	AA
2548	977	1356	15	GA
2549	977	NA	15	GG
2550	1527	1668	15	AA
2551	NA	NA	15	GG
2552	1199	1717	15	GA
2553	1641	NA	15	GG
2554	NA	NA	15	GA
2555	744	1690	15	GG
2556	NA	1922	15	GA
2557	1026	1388	15	GG
2558	NA	1691	15	AA
2559	NA	1455	15	AA
2560	NA	1455	15	GA
2561	NA	1692	15	AA
2562	1207	NA	15	GG
2563	1618	1668	15	GA
2564	1751	NA	15	GA
2565	1293	NA	15	GA
2566	1389	NA	15	AA
2567	1740	2265	15	GG
2568	NA	NA	15	GG
2569	NA	2356	15	AA
2570	NA	NA	15	GA
2571	2256	2352	15	GA
2572	NA	NA	15	GA
2573	2220	1362	15	GG
2574	NA	NA	15	AA
2575	NA	NA	15	GG
2576	NA	NA	15	GA
2577	NA	NA	15	GG
2578	NA	1416	15	GA
2579	NA	NA	15	GG
2580	1304	2186	15	GA
2581	NA	1383	15	GG
2582	NA	1387	15	AA
2583	NA	NA	15	GG
2584	NA	NA	15	GA
2585	NA	NA	15	GA
2586	NA	NA	16	GG
2587	NA	NA	16	AA
2588	NA	1690	16	AA
2589	NA	1692	16	GA
2590	NA	1693	16	GA
2591	NA	1455	16	GA
2592	2176	NA	16	GA
2593	NA	NA	16	GG
2594	NA	1048	16	GA
2595	NA	1455	16	AA
2596	NA	1717	16	NA
2597	NA	NA	16	GG
2598	NA	NA	16	GA
2599	NA	NA	16	GG
2600	NA	NA	16	AA
2601	NA	2358	16	AA
2602	NA	1455	16	GA
2603	NA	736	16	GA
2604	NA	1456	16	GG
2605	NA	1717	16	GG
2606	NA	NA	16	GA
2607	NA	1455	16	GG
2608	NA	NA	16	AA
2609	NA	2339	16	GG
2610	NA	1455	16	GA
2611	NA	1456	16	AA
2612	NA	NA	16	GG
2613	NA	1048	16	GA
2614	NA	NA	16	AA
2615	1721	1501	16	GG
2616	NA	1387	16	GA
2617	NA	NA	16	GA
2618	NA	1355	16	GA
2619	NA	NA	16	AA
2620	NA	NA	16	GA
2621	NA	1918	16	AA
2622	NA	NA	16	GG
2623	NA	1692	16	AA
2624	NA	NA	16	GA
2625	NA	NA	16	GA
2626	NA	797	16	GA
2627	NA	NA	16	GG
2628	NA	NA	16	GG
2629	2338	1691	16	GA
2630	NA	1692	16	GA
2631	NA	NA	16	AA
2632	NA	NA	16	GA
2633	NA	2193	16	GA
2634	NA	NA	16	GG
2635	NA	1048	16	AA
2636	NA	NA	16	GA
2637	NA	1455	16	GA
2638	NA	2235	16	GA
2639	2140	NA	16	GG
2640	NA	797	16	GA
2641	NA	NA	16	GA
2642	NA	NA	16	GA
2643	NA	1924	16	GG
2644	NA	NA	16	GG
2645	NA	NA	16	GG
2646	NA	NA	16	GA
2647	NA	2344	16	GA
2648	NA	NA	16	GA
2649	NA	NA	16	GG
2650	NA	NA	16	GG
2651	NA	1457	16	GA
2652	1025	NA	16	GA
2653	444	1456	16	GG
2654	1784	NA	16	GA
2655	479	NA	16	GA
2656	1025	1691	16	GA
2657	1273	2209	16	GG
2658	1338	1048	16	GA
2659	1338	1690	16	GA
2660	2015	1501	16	GG
2661	1361	2335	16	AA
2662	1530	2415	16	GG
2663	1530	2235	16	GA
2664	1645	2572	16	GA
2665	946	2239	16	GA
2666	1626	2202	16	GA
2667	2247	NA	16	AA
2668	2557	1454	16	GG
2669	914	1356	16	AA
2670	2429	2342	16	GA
2671	1325	1649	16	GG
2672	2098	1690	16	GA
2673	1645	2362	16	GA
2674	776	1921	16	AA
2675	1626	2569	16	AA
2676	2280	1858	16	AA
2677	2475	2233	16	GA
2678	689	2292	16	GA
2679	358	NA	16	GG
2680	794	2189	16	GA
2681	774	2559	16	GA
2682	566	2486	16	AA
2683	1487	1615	16	GG
2684	1352	2265	16	GG
2685	2273	1692	16	GA
2686	1700	1693	16	GG
2687	1663	NA	16	GG
2688	1763	1920	16	GA
2689	932	1615	16	GA
2690	2400	2202	16	GA
2691	2223	NA	16	GG
2692	1325	1693	16	GG
2693	2291	1923	16	GG
2694	1623	2207	16	GA
2695	1320	2342	16	GA
2696	958	1454	16	GA
2697	2188	NA	16	GA
2698	1695	1691	16	GA
2699	932	NA	16	GG
2700	NA	NA	16	GA
2701	NA	2332	16	AA
2702	2262	1919	16	GA
2703	2562	NA	16	GA
2704	1386	1668	16	GG
2705	1199	1691	16	AA
2706	2547	NA	16	AA
2707	731	NA	16	AA
2708	1386	1668	16	GG
2709	2191	2241	16	GA
2710	2272	1690	16	GG
2711	2274	1668	16	AA
2712	1912	1457	16	GG
2713	1547	NA	16	GG
2714	2271	2207	16	GA
2715	1335	NA	16	AA
2716	791	1456	16	GG
2717	2286	NA	16	GG
2718	1373	2233	16	GA
2719	2493	NA	16	GA
2720	NA	1690	16	GG
2721	1549	2259	16	GA
2722	869	2335	16	AA
2723	459	2336	16	GA
2724	872	NA	16	GA
2725	1797	1381	16	GG
2726	1343	2281	16	GA
2727	1751	1456	16	GA
2728	1751	2239	16	GA
2729	2268	1454	16	GG
2730	1268	1366	16	GA
2731	2503	1362	16	GG
2732	2199	2224	16	AA
2733	1400	1050	16	GA
2734	2242	NA	16	GG
2735	2257	2265	16	GA
2736	1015	NA	16	GA
2737	993	NA	16	GA
2738	1532	1381	16	GA
2739	698	2480	16	GG
2740	2323	1381	16	GG
2741	1011	2459	16	GA
2742	NA	2259	16	GG
2743	NA	NA	16	AA
2744	2296	736	16	GA
2745	1199	NA	16	AA
2746	1272	2339	16	GG
2747	946	736	16	AA
2748	NA	1366	16	GA
2749	2183	1454	16	GA
2750	2001	NA	16	GA
2751	1318	1691	16	GA
2752	1473	NA	16	GA
2753	2328	2360	16	GG
2754	2565	NA	16	GG
2755	NA	NA	16	GA
2756	1830	2560	16	GA
2757	1087	1416	16	GG
2758	945	1387	16	AA
2759	2269	NA	16	GG
2760	2196	2351	16	GA
2761	1718	2260	16	AA
2762	1718	NA	16	AA
2763	1528	NA	16	AA
2764	1294	1454	16	GG
2765	2213	1048	16	GA
2766	1821	1454	16	GG
2767	2289	1921	16	GA
2768	1807	1457	16	GG
2769	1622	1858	16	AA
2770	610	NA	16	NA
2771	491	NA	16	NA
2772	2214	NA	16	NA
2773	2478	NA	16	NA
2774	2421	NA	16	NA
2775	2490	NA	16	NA
2776	2217	NA	16	NA
2777	2217	NA	16	NA
2778	2433	NA	16	NA
2779	2393	NA	16	NA
2780	2393	NA	16	NA
2781	2402	NA	16	NA
2782	2492	NA	16	NA
2783	2373	NA	16	NA
2784	2181	NA	16	NA
2785	2187	NA	16	NA
2786	2434	NA	16	NA
2787	2450	NA	16	NA
2788	2498	NA	16	NA
2789	2466	NA	16	NA
2790	2571	2170	16	GA
2791	2403	2481	16	GA
2792	2414	NA	16	NA
2793	NA	NA	16	GG
2794	2398	NA	16	GG
2795	2413	2186	16	GA
2796	2426	NA	16	NA
2797	2444	1362	16	GA
2798	2448	NA	16	NA
2799	2454	NA	16	NA
2800	2479	NA	16	GA
2801	2483	2345	16	GA
2802	2499	NA	16	NA
2803	2504	NA	16	NA
2804	444	NA	16	NA
2805	489	NA	16	AA
2806	458	NA	16	NA
2807	491	NA	16	NA
2808	493	NA	16	GA
2809	475	NA	16	NA
2810	651	NA	16	GG
2811	509	NA	16	GA
2812	718	2481	16	GA
2813	744	NA	16	GG
2814	795	NA	16	GA
2815	759	NA	16	NA
2816	787	1615	16	GA
2817	722	2342	16	GA
2818	750	NA	16	NA
2819	1009	NA	16	GG
2820	889	NA	16	GA
2821	885	NA	16	NA
2822	892	1858	16	GA
2823	892	NA	16	NA
2824	1026	NA	16	NA
2825	977	2207	16	GA
2826	919	2428	16	GA
2827	1201	NA	16	NA
2828	1201	NA	16	NA
2829	1166	NA	16	GA
2830	1080	2350	16	GG
2831	1154	NA	16	NA
2832	1207	1668	16	GA
2833	1207	NA	16	NA
2834	1126	1649	16	GG
2835	1126	NA	16	AA
2836	915	NA	16	NA
2837	1394	1691	16	GA
2838	1292	NA	16	GA
2839	1292	NA	16	GA
2840	1291	NA	16	NA
2841	1359	2356	16	AA
2842	1389	1362	16	GA
2843	1293	1454	16	GA
2844	1384	1693	16	GA
2845	1384	NA	16	NA
2846	1306	1416	16	GA
2847	1306	NA	16	NA
2848	1400	NA	16	NA
2849	1377	1381	16	GA
2850	1377	NA	16	NA
2851	1302	1919	16	AA
2852	1307	NA	16	NA
2853	1370	NA	16	NA
2854	1370	NA	16	NA
2855	1284	NA	16	NA
2856	1284	2481	16	GG
2857	1271	NA	16	GA
2858	1329	1693	16	GA
2859	1329	NA	16	NA
2860	1330	1615	16	GG
2861	1398	NA	16	NA
2862	1349	1691	16	AA
2863	1396	1615	16	GA
2864	1279	NA	16	GA
2865	1371	NA	16	NA
2866	1371	2341	16	GA
2867	1490	NA	16	GA
2868	1537	NA	16	GA
2869	1592	NA	16	NA
2870	1597	1649	16	GA
2871	1611	NA	16	GA
2872	1641	NA	16	NA
2873	1665	NA	16	NA
2874	1502	2279	16	GG
2875	1630	2341	16	AA
2876	1479	1690	16	GA
2877	1504	1668	16	GA
2878	1499	NA	16	GA
2879	1648	NA	16	NA
2880	1740	NA	16	GA
2881	1911	1693	16	GA
2882	1911	1693	16	GA
2883	1793	NA	16	GG
2884	1793	NA	16	GG
2885	1841	NA	16	AA
2886	1855	1921	16	GA
2887	1710	1387	16	GA
2888	1818	1454	16	GG
2889	1928	2344	16	AA
2890	1932	NA	16	GA
2891	2140	NA	16	NA
2892	1992	NA	16	GA
2893	2051	NA	16	GG
2894	2055	NA	16	NA
2895	2064	NA	16	NA
2896	2115	1923	16	GA
2897	2154	NA	16	NA
2898	2155	NA	16	NA
2899	750	2343	16	GA
2900	2185	2260	16	AA
2901	2192	1356	16	NA
2902	2200	NA	16	NA
2903	2220	NA	16	NA
2904	2225	NA	16	GG
2905	2228	1717	16	GG
2906	2250	NA	16	NA
2907	2253	NA	16	GA
2908	2374	2239	16	GG
2909	2275	NA	16	NA
2910	2287	1717	16	GA
2911	2324	NA	16	NA
2912	2325	NA	16	GA
2913	2326	NA	16	AA
2914	NA	1362	16	GA
2915	229	NA	16	GA
2916	NA	NA	16	GG
2917	NA	1918	16	AA
2918	NA	1351	16	GA
2919	NA	1387	16	GA
2920	NA	1381	16	GG
2921	NA	1688	16	GA
2922	NA	2342	16	GA
2923	926	NA	16	NA
2924	904	NA	16	NA
2925	2419	NA	16	NA
2926	NA	NA	16	AA
2927	NA	1050	16	GA
2928	NA	1267	16	GA
2929	1279	1501	17	GG
2930	718	2386	17	GA
2931	1087	1690	17	AA
2932	1740	1381	17	GA
2933	1630	1356	17	AA
2934	1271	1048	17	GG
2935	1272	1759	17	GA
2936	1718	1388	17	AA
2937	1718	NA	17	NA
2938	1797	NA	17	GG
2939	1928	NA	17	GA
2940	1592	1356	17	GA
2941	1306	1501	17	GA
2942	892	1649	17	GG
2943	1855	1381	17	GA
2944	1487	1381	17	GA
2945	373	1356	17	GG
2946	1154	NA	17	GA
2947	731	2396	17	GG
2948	1611	NA	17	GG
2949	1284	1649	17	GG
2950	1359	1362	17	GA
2951	1992	2572	17	GA
2952	NA	2332	17	GG
2953	885	2209	17	GG
2954	1784	NA	17	GA
2955	1784	NA	17	NA
2956	2289	2227	17	GA
2957	1645	NA	17	GG
2958	1818	1688	17	AA
2959	1320	2474	17	AA
2960	794	NA	17	AA
2961	1273	NA	17	GA
2962	1695	2568	17	GG
2963	2272	NA	17	GA
2964	2055	2751	17	GA
2965	1329	NA	17	GA
2966	1329	1387	17	GA
2967	2249	1048	17	GA
2968	1663	1356	17	AA
2969	1318	NA	17	GG
2970	1389	1918	17	AA
2971	1389	NA	17	NA
2972	1126	1649	17	NA
2973	2051	2812	17	GA
2974	NA	NA	17	GG
2975	NA	NA	17	GG
2976	1911	2396	17	GA
2977	1911	1649	17	GA
2978	1504	1615	17	GA
2979	2223	2203	17	GA
2980	2441	2186	17	GA
2981	1710	2209	17	GG
2982	1623	2407	17	GA
2983	2176	1048	17	GA
2984	1268	2236	17	GG
2985	1751	1918	17	AA
2986	1763	2535	17	GG
2987	2214	2215	17	GA
2988	1700	NA	17	GA
2989	1721	2348	17	GA
2990	NA	2340	17	GG
2991	1394	2177	17	GA
2992	2327	1355	17	AA
2993	2098	1362	17	GG
2994	915	2281	17	GG
2995	1502	2452	17	GG
2996	1502	NA	17	NA
2997	2271	1376	17	GG
2998	2369	2215	17	GG
2999	491	2198	17	GA
3000	1821	2239	17	GG
3001	2253	2207	17	AA
3002	2285	1356	17	GG
3003	993	1649	17	GA
3004	2395	2239	17	GA
3005	1352	1356	17	GA
3006	1807	1455	17	GA
3007	787	1506	17	GA
3008	2199	1356	17	GA
3009	1325	1356	17	GA
3010	1549	1362	17	GA
3011	872	2179	17	GA
3012	872	NA	17	NA
3013	795	2239	17	GG
3014	1361	1615	17	GA
3015	1665	1691	17	GA
3016	2450	NA	17	NA
3017	2185	2209	17	GA
3018	1648	1918	17	AA
3019	1479	1918	17	GA
3020	1793	2885	17	GA
3021	1641	2218	17	GA
3022	1841	2396	17	GA
3023	1338	1362	17	GA
3024	1338	1362	17	GA
3025	1302	797	17	AA
3026	1597	1381	17	AA
3027	NA	NA	17	AA
3028	1349	2391	17	AA
3029	2220	1355	17	GA
3030	2420	2209	17	GA
3031	1373	2336	17	AA
3032	1912	2347	17	GA
3033	NA	NA	17	GA
3034	NA	NA	17	AA
3035	1932	NA	17	NA
3036	1932	NA	17	NA
3037	2380	NA	17	NA
3038	2507	NA	17	NA
3039	2419	NA	17	NA
3040	2686	NA	17	NA
3041	2488	NA	17	NA
3042	1830	NA	17	NA
3043	1830	NA	17	NA
3044	904	NA	17	NA
3045	2402	NA	17	NA
3046	2247	NA	17	NA
3047	2247	NA	17	NA
3048	2115	NA	17	NA
3049	2393	NA	17	NA
3050	2454	NA	17	NA
3051	2429	NA	17	NA
3052	2499	NA	17	NA
3053	2288	NA	17	NA
3054	2288	NA	17	NA
3055	2213	NA	17	NA
3056	2196	NA	17	NA
3057	2412	NA	17	NA
3058	2466	NA	17	NA
3059	2192	NA	17	NA
3060	2463	NA	17	NA
3061	689	NA	17	NA
3062	2287	NA	17	NA
3063	2287	NA	17	NA
3064	2494	NA	17	NA
3065	2191	NA	17	NA
3066	2328	NA	17	NA
3067	2421	NA	17	NA
3068	1026	NA	17	NA
3069	919	NA	17	NA
3070	2268	NA	17	NA
3071	1473	NA	17	NA
3072	2225	NA	17	NA
3073	2504	NA	17	NA
3074	2187	NA	17	NA
3075	2501	NA	17	NA
3076	1499	NA	17	NA
3077	1499	NA	17	NA
3078	1547	NA	17	NA
3079	2547	NA	17	NA
3080	2566	NA	17	NA
3081	1490	NA	17	NA
3082	1626	2239	17	GG
3083	2323	1388	17	GA
3084	2324	1381	17	GA
3085	2325	NA	17	AA
3086	NA	NA	17	GA
3087	1080	1649	17	GA
3088	2280	2202	17	GA
3089	2502	NA	17	AA
3090	1622	NA	17	GG
3091	2331	2233	17	GG
3092	1011	2170	17	GG
3093	1396	2357	17	GA
3094	2438	1376	17	GA
3095	2155	NA	17	GA
3096	2857	2219	17	GA
3097	2256	1501	17	GG
3098	2430	2264	17	GG
3099	2490	1649	17	GG
3100	2444	1362	17	GA
3101	NA	2352	17	GG
3102	945	NA	17	GA
3103	NA	NA	17	GA
3104	1335	2227	17	AA
3105	NA	NA	17	AA
3106	869	2362	17	NA
3107	NA	1668	17	AA
3108	NA	1770	17	GA
3109	1307	NA	17	NA
3110	2725	NA	17	NA
3111	NA	1690	17	AA
3112	NA	NA	17	GA
3113	NA	2484	17	GA
3114	NA	NA	17	GA
3115	NA	2371	17	GA
3116	NA	NA	17	GA
3117	NA	1688	17	GG
3118	NA	NA	17	GG
3119	NA	1692	17	AA
3120	NA	NA	17	GG
3121	NA	1457	17	GA
3122	NA	NA	17	GG
3123	NA	1376	17	GA
3124	NA	NA	17	GA
3125	NA	2194	17	GA
3126	NA	1360	17	GG
3127	NA	1691	17	GA
3128	NA	1457	17	GA
3129	NA	1456	17	GG
3130	NA	1921	17	AA
3131	NA	NA	17	GA
3132	NA	NA	17	AA
3133	1700	2260	18	AA
3134	2214	2336	18	AA
3135	2196	1356	18	GA
3136	1307	1376	18	GA
3137	1307	1376	18	GA
3138	2664	NA	18	GA
3139	1718	2260	18	AA
3140	1718	2260	18	AA
3141	2857	1691	18	AA
3142	1359	1356	18	GA
3143	2220	1376	18	GA
3144	1504	2990	18	GG
3145	731	1376	18	GG
3146	731	2948	18	GA
3147	904	NA	18	GA
3148	2225	2926	18	GA
3149	2225	1376	18	GA
3150	2191	2260	18	GA
3151	1818	2186	18	GA
3152	1928	2336	18	GA
3153	1272	1356	18	GA
3154	1272	2177	18	GA
3155	2441	2209	18	GG
3156	872	1381	18	GG
3157	872	2203	18	GA
3158	2992	NA	18	GA
3159	1271	2495	18	AA
3160	1271	2495	18	GA
3161	2933	2500	18	GA
3162	NA	2177	18	AA
3163	NA	2236	18	GA
3164	2547	NA	18	GA
3165	2573	1376	18	GG
3166	2115	1356	18	AA
3167	2949	2578	18	GG
3168	1490	2209	18	GA
3169	1490	2209	18	GG
3170	1592	2364	18	AA
3171	2419	3117	18	GA
3172	1855	2209	18	GG
3173	1911	2260	18	GA
3174	1911	2209	18	GA
3175	2328	NA	18	AA
3176	2430	1691	18	GA
3177	1349	NA	18	AA
3178	2501	2561	18	GA
3179	689	2203	18	GG
3180	2055	2417	18	AA
3181	2289	2452	18	GG
3182	2395	2377	18	GG
3183	2395	1691	18	GA
3184	2098	2203	18	GG
3185	1797	NA	18	GA
3186	NA	1692	18	AA
3187	2288	2377	18	GG
3188	2993	2203	18	GA
3189	892	2417	18	GA
3190	892	2332	18	GG
3191	2199	1356	18	GA
3192	2490	1356	18	GG
3193	1284	1691	18	GA
3194	1645	NA	18	GA
3195	2444	1688	18	AA
3196	1154	2186	18	GG
3197	1154	2260	18	GA
3198	3006	1376	18	GG
3199	2393	2209	18	GG
3200	2271	1921	18	GA
3201	2271	1921	18	GA
3202	2454	1356	18	GA
3203	2429	2209	18	GA
3204	1389	1356	18	GA
3205	1389	2979	18	AA
3206	1320	2360	18	GA
3207	1320	2351	18	GA
3208	1932	3123	18	AA
3209	919	2186	18	GG
3210	2976	1688	18	GG
3211	2494	1691	18	GA
3212	2412	1376	18	GA
3213	1338	1688	18	AA
3214	1325	2203	18	AA
3215	3023	2203	18	GG
3216	1373	2186	18	AA
3217	2187	1381	18	GG
3218	1335	1376	18	AA
3219	2936	2474	18	AA
3220	1502	2336	18	AA
3221	1306	2336	18	AA
3222	2721	1376	18	GA
3223	1549	2981	18	GG
3224	2323	2260	18	GA
3225	2323	2260	18	GA
3226	1793	2500	18	GA
3227	1793	2209	18	GG
3228	2450	1376	18	GA
3229	2450	2359	18	GG
3230	1821	2959	18	GA
3231	795	2203	18	GA
3232	2557	2500	18	GA
3233	1623	3114	18	GA
3234	993	NA	18	GA
3235	993	2209	18	GA
3236	2223	2352	18	GG
3237	3014	2236	18	GG
3238	2420	2970	18	AA
3239	869	1921	18	AA
3240	1361	2260	18	AA
3241	1361	2260	18	AA
3242	2253	1356	18	AA
3243	2253	2209	18	GA
3244	491	2352	18	GA
3245	1740	2186	18	GA
3246	1740	1356	18	GG
3247	1618	2578	18	GA
3248	2957	2495	18	GA
3249	1830	3114	18	GA
3250	1830	2953	18	GA
3251	2507	2209	18	GG
3252	2718	2360	18	GA
3253	3010	2284	18	GA
3254	1011	1921	18	AA
3255	1841	2332	18	GA
3256	787	2931	18	GA
3257	1087	3018	18	GA
3258	1268	2981	18	GG
3259	885	2582	18	GA
3260	885	2582	18	GA
3261	2287	2359	18	GG
3262	2176	1376	18	AA
3263	NA	NA	18	GA
3264	1763	1381	18	AA
3265	2256	NA	18	GA
3266	3082	2578	18	GG
3267	2980	2813	18	GG
3268	2502	2209	18	GA
3269	2686	2230	18	GA
3270	1293	2359	18	AA
3271	2994	2561	18	GA
3272	2438	2359	18	GA
3273	1721	2500	18	GA
3274	2327	2209	18	GA
3275	2369	2495	18	GA
3276	1622	2203	18	GA
3277	1394	2236	18	GG
3278	2951	NA	18	NA
3279	3019	1688	18	GA
3280	3025	NA	18	GA
3281	2966	2843	18	GG
3282	1592	2364	18	GA
3283	NA	2377	18	GG
3284	NA	3026	18	AA
3285	2954	2917	18	AA
3286	1648	NA	18	NA
3287	1547	2336	18	GA
3288	3094	3117	18	GG
3289	NA	2236	18	GG
3290	1350	2359	18	AA
3291	1751	NA	18	GA
3292	1751	NA	18	NA
3293	2285	1356	18	GA
3294	2285	NA	18	NA
3295	2995	1381	18	GG
3296	2983	2209	18	GG
3297	2977	2960	18	AA
3298	NA	2990	18	GG
3299	1611	NA	18	NA
3300	NA	2260	18	GA
3301	NA	1688	18	GA
3302	2192	NA	18	GG
3303	1912	NA	18	NA
3304	1630	2500	18	GA
3305	718	1356	18	GG
3306	2433	2332	18	GA
3307	1784	1356	18	GA
3308	2810	2236	18	GG
3309	2275	NA	18	NA
3310	2249	NA	18	NA
3311	1547	NA	18	NA
3312	1279	2917	18	GA
3313	1695	2354	18	GG
3314	2466	2582	18	GA
3315	2200	2336	18	GA
3316	1318	3124	18	GA
3317	2185	NA	18	NA
3318	2506	2377	18	GA
3319	2504	NA	18	NA
3320	2715	2265	18	GA
3321	2272	NA	18	NA
3322	2272	NA	18	NA
3323	2411	NA	18	NA
3324	1807	2336	18	GG
3325	1710	NA	18	GG
3326	2274	2495	18	AA
3327	2274	2495	18	AA
3328	2051	2352	18	GG
3329	2411	NA	18	NA
3330	1273	2352	18	GG
3331	1597	2377	18	AA
3332	2380	1688	18	AA
3333	2330	2362	18	GA
3334	945	1691	18	AA
3335	915	1356	18	GA
3336	1126	NA	18	NA
3337	3021	NA	18	NA
3338	1479	NA	18	NA
3339	1992	2209	18	GA
3340	1343	2578	18	GA
3341	1626	2360	18	GG
3342	2488	2209	18	GG
3343	2566	2377	18	GA
3344	NA	NA	18	AA
3345	3090	2452	18	GG
3346	NA	1376	18	AA
3347	1487	1356	18	GA
3348	3100	2336	18	AA
3349	NA	2561	18	GA
3350	2268	2209	18	GG
3351	1352	1376	18	GA
3352	NA	2362	18	AA
3353	2324	NA	18	GA
3354	NA	3031	18	AA
3355	NA	NA	18	GA
3356	2325	2581	18	GA
3357	1080	NA	18	NA
3358	1329	2387	18	AA
3359	NA	3011	18	AA
3360	3003	1356	18	GG
3361	NA	3124	18	GG
3362	NA	2332	18	GA
3363	NA	2360	18	GG
3364	NA	2203	18	GA
3365	NA	NA	18	GA
3366	NA	2209	18	GG
3367	NA	NA	18	GA
3368	NA	2352	18	GA
3369	NA	NA	18	GA
3370	NA	NA	18	GG
3371	NA	3022	18	GA
3372	NA	2352	18	GA
3373	NA	NA	18	GA
3374	NA	NA	18	GA
3375	NA	2364	18	GG
3376	NA	2351	18	GG
3377	NA	1691	18	GA
3378	NA	NA	18	AA
3379	NA	NA	18	GA
3380	NA	NA	18	GA
3381	NA	NA	18	AA
3382	3096	2982	18	GA
3383	1689	2581	18	GG
3384	1665	NA	18	GG
3385	NA	1924	18	GA
3386	NA	2574	18	GA
3387	NA	1376	18	GA
3388	NA	NA	18	AA
3389	NA	2843	18	GG
3390	NA	2365	18	GA
3391	NA	1921	18	GA
3392	NA	NA	18	AA
3393	NA	1921	18	GA
3394	NA	NA	18	AA
3395	NA	NA	18	AA
3396	NA	NA	18	GA
3397	NA	2560	18	GA
3398	NA	2352	18	GG
3399	NA	NA	18	GA
3400	NA	NA	18	GA
3401	NA	2352	18	GA
3402	NA	2284	18	GA
3403	NA	2352	18	GG
3404	1912	2346	18	GA
3405	2187	2209	19	GG
3406	2951	3098	19	GG
3407	1932	2336	19	AA
3408	1932	2336	19	GG
3409	1700	1924	19	GA
3410	2936	2359	19	AA
3411	2976	2336	19	GA
3412	1361	2209	19	GA
3413	1361	1356	19	AA
3414	NA	NA	19	GA
3415	491	2500	19	AA
3416	1630	2209	19	GA
3417	1345	2203	19	GG
3418	3134	2186	19	AA
3419	3164	2377	19	GG
3420	2973	1924	19	GG
3421	3141	2336	19	AA
3422	2214	1356	19	AA
3423	1784	2209	19	GA
3424	1912	1921	19	AA
3425	3025	NA	19	AA
3426	2196	2377	19	GG
3427	2974	2230	19	GG
3428	3023	2203	19	AA
3429	1547	1356	19	GG
3430	1271	2260	19	AA
3431	731	1356	19	GA
3432	2115	2978	19	AA
3433	2857	2177	19	GA
3434	3096	3118	19	GA
3435	2289	2943	19	GA
3436	2192	1924	19	GA
3437	1080	3118	19	GG
3438	3255	2500	19	GG
3439	2369	2578	19	GG
3440	2419	1924	19	GA
3441	1718	2209	19	GA
3442	1718	2209	19	GA
3443	2220	NA	19	GA
3444	2949	2186	19	GG
3445	2430	1381	19	GA
3446	2430	NA	19	NA
3447	2430	1381	19	GG
3448	2962	NA	19	GG
3449	2441	2203	19	GA
3450	1928	NA	19	GA
3451	3308	NA	19	GG
3452	3100	2236	19	GG
3453	2380	2500	19	GA
3454	1793	2351	19	GA
3455	1793	2500	19	GA
3456	NA	1376	19	GG
3457	NA	1376	19	GG
3458	2992	1924	19	AA
3459	3087	2177	19	GA
3460	3000	3178	19	GA
3461	3017	2177	19	GA
3462	2249	NA	19	AA
3463	2946	2982	19	GA
3464	885	3103	19	GA
3465	885	2336	19	GA
3466	1273	2203	19	GG
3467	1273	2209	19	GG
3468	3163	3115	19	GA
3469	3169	NA	19	GG
3470	892	3001	19	GA
3471	892	NA	19	GG
3472	NA	2927	19	GA
3473	NA	3133	19	GA
3474	NA	3129	19	GA
3475	2051	2978	19	GA
3476	2051	2351	19	GG
3477	3003	2929	19	GA
3478	1504	2579	19	GG
3479	2395	2336	19	GG
3480	2490	2179	19	GA
3481	NA	1381	19	AA
3482	2454	2561	19	GA
3483	1818	2336	19	GG
3484	2933	1356	19	GA
3485	2271	2560	19	GA
3486	2272	NA	19	GA
3487	2225	2582	19	GA
3488	2225	3133	19	GA
3489	2200	3121	19	GA
3490	2176	1688	19	GG
3491	1992	2260	19	GA
3492	1797	2377	19	GG
3493	2993	2346	19	GA
3494	1338	1356	19	GA
3495	1338	1356	19	AA
3496	2488	2336	19	GA
3497	2488	2578	19	AA
3498	2429	2452	19	GA
3499	2466	2362	19	GG
3500	2247	2582	19	AA
3501	2247	2377	19	AA
3502	1284	2351	19	GA
3503	3008	2578	19	GG
3504	2191	2578	19	GA
3505	3006	3114	19	GA
3506	2557	2452	19	GG
3507	2557	2452	19	GG
3508	NA	2351	19	GA
3509	2327	2917	19	AA
3510	2327	2260	19	AA
3511	1359	1924	19	GA
3512	NA	2179	19	AA
3513	1320	3362	19	AA
3514	1320	2465	19	AA
3515	2506	3126	19	GG
3516	3162	2579	19	GA
3517	2275	2561	19	AA
3518	NA	2560	19	GA
3519	NA	2560	19	AA
3520	1318	NA	19	AA
3521	2199	2336	19	AA
3522	1911	3107	19	GA
3523	1911	2179	19	GA
3524	2098	2203	19	GA
3525	794	NA	19	GA
3526	1502	2584	19	AA
3527	1502	2942	19	GA
3528	1349	2952	19	GA
3529	3010	2203	19	GA
3530	1663	2579	19	GA
3531	3314	1688	19	AA
3532	2438	3257	19	GG
3533	1645	2982	19	GG
3534	2966	2209	19	GG
3535	2499	2943	19	GA
3536	1293	3123	19	AA
3537	3351	2813	19	GA
3538	1318	2982	19	GA
3539	3157	3103	19	GA
3540	NA	3108	19	GA
3541	NA	3097	19	GG
3542	3192	2582	19	GA
3543	NA	3128	19	GA
3544	1325	NA	19	NA
3545	3159	2986	19	GA
3546	NA	3108	19	GA
3547	3305	2361	19	GA
3548	718	2956	19	GG
3549	3224	2997	19	GA
3550	3268	3115	19	AA
3551	3227	2465	19	NA
3552	3318	NA	19	GA
3553	3004	NA	19	NA
3554	2721	2346	19	AA
3555	2268	1924	19	GG
3556	2984	2452	19	GG
3557	919	1356	19	GA
3558	919	1356	19	GG
3559	2980	2203	19	GA
3560	1695	2452	19	GG
3561	993	2585	19	AA
3562	993	2997	19	GA
3563	1394	2209	19	GG
3564	2393	3114	19	GA
3565	1352	3104	19	GA
3566	2494	3115	19	GA
3567	1807	3121	19	GA
3568	1807	2582	19	GA
3569	2983	2377	19	GA
3570	2501	2981	19	GG
3571	1763	3375	19	GG
3572	NA	3113	19	AA
3573	3094	2260	19	AA
3574	2493	1376	19	GA
3575	2502	3175	19	AA
3576	1623	2209	19	GA
3577	1665	1924	19	GA
3578	872	2970	19	GA
3579	2566	3225	19	GA
3580	3208	2260	19	AA
3581	1549	2336	19	GA
3582	1592	2452	19	GA
3583	2412	1924	19	AA
3584	NA	1376	19	AA
3585	2420	2209	19	GA
3586	2420	2209	19	GA
3587	2934	NA	19	GG
3588	2957	2203	19	GA
3589	1710	1376	19	GG
3590	3233	2561	19	GA
3591	2968	1924	19	AA
3592	1721	NA	19	GA
3593	1329	2940	19	AA
3594	3014	3116	19	AA
3595	3014	2929	19	GA
3596	3262	3108	19	AA
3597	2954	2203	19	GG
3598	2686	2500	19	GA
3599	1373	2186	19	AA
3600	2718	2940	19	GA
3601	2288	2203	19	GA
3602	1490	2452	19	GG
3603	1740	1381	19	GG
3604	1389	1924	19	GA
3605	3248	1381	19	GG
3606	2256	2579	19	GA
3607	1622	3022	19	GG
3608	3198	2186	19	GG
3609	1751	2452	19	GA
3610	1821	3221	19	GA
3611	3341	3107	19	GA
3612	3223	2260	19	GA
3613	3334	2917	19	AA
3614	3191	2377	19	GG
3615	3184	2209	19	GG
3616	3238	2203	19	GA
3617	3265	3002	19	GA
3618	3201	2365	19	NA
3619	1350	2346	19	AA
3620	2288	2203	19	GG
3621	2985	2209	19	GA
3622	1490	2561	19	GA
3623	3346	1376	19	AA
3624	3203	NA	19	GG
3625	3199	2452	19	GG
3626	NA	3197	19	GG
3627	3209	1688	19	GG
3628	795	2177	19	GA
3629	3172	NA	19	GG
3630	1343	2332	19	GG
3631	3347	1356	19	GA
3632	3160	2260	19	AA
3633	3140	2379	19	GA
3634	3302	2260	19	GA
3635	3244	2260	19	AA
3636	3267	2387	19	GA
3637	3328	3120	19	GG
3638	3339	2965	19	GA
3639	1279	NA	19	GA
3640	NA	NA	19	GA
3641	3313	2209	19	GG
3642	3340	2265	19	GG
3643	3168	1381	19	GA
3644	3304	2351	19	GG
3645	3182	3325	19	GG
3646	2977	3114	19	GA
3647	3199	2452	19	NA
3648	1272	2284	19	AA
3649	1626	2365	19	GA
3650	1626	2365	19	GA
3651	904	2209	19	GG
3652	869	3216	19	GA
3653	3261	2186	19	GG
3654	1335	2582	19	AA
3655	1830	1381	19	GG
3656	2185	2584	19	AA
3657	NA	2260	19	GA
3658	718	2956	19	GA
3659	3147	3029	19	GA
3660	3304	NA	19	NA
3661	3256	2981	19	GA
3662	3204	2452	19	GG
3663	2994	2336	19	GA
3664	2810	3099	19	GG
3665	2507	2203	19	AA
3666	2573	2336	19	GA
3667	1689	2579	19	GG
3668	1855	NA	19	GA
3669	NA	2265	19	GG
3670	3307	NA	19	GA
3671	2715	2944	19	AA
3672	1087	2585	19	GA
3673	2253	1381	19	GA
3674	2411	NA	19	NA
3675	945	2500	19	GA
3676	2433	NA	19	NA
3677	1611	NA	19	NA
3678	2328	NA	19	NA
3679	2504	NA	19	NA
3680	3263	NA	19	NA
3681	1641	NA	19	NA
3682	1641	NA	19	NA
3683	3163	NA	19	NA
3684	2287	NA	19	NA
3685	2274	NA	19	NA
3686	1293	NA	19	NA
3687	2995	NA	19	NA
3688	2055	2452	19	GA
3689	1597	3115	19	GA
3690	2155	2580	19	GA
3691	3082	1381	19	GG
3692	1154	2209	19	GG
3693	1306	2500	19	GG
3694	1307	NA	19	GA
3695	3021	NA	19	NA
3696	2323	NA	19	NA
3697	NA	2956	19	GA
3698	2223	2452	19	GG
3699	1011	3216	19	AA
3700	1011	3216	19	GA
3701	3352	NA	19	GA
3702	2444	2561	19	AA
3703	2563	2584	19	GA
3704	1396	2203	19	GG
3705	1618	3377	19	GG
3706	3090	2346	19	GA
3707	NA	NA	19	GA
3708	2324	2950	19	GG
3709	3301	2581	19	GG
3710	1487	1376	19	GG
3711	2450	2209	19	GG
3712	2330	NA	19	NA
3713	3236	NA	19	NA
3714	2998	2284	19	GA
3715	2547	NA	19	NA
3716	3260	NA	19	NA
3717	NA	3122	19	GG
3718	NA	NA	19	GA
3719	NA	2578	19	GA
3720	NA	2203	19	GA
3721	1841	NA	19	NA
3722	NA	NA	19	GA
3723	NA	2178	19	GA
3724	NA	NA	19	GA
3725	NA	2843	19	GA
3726	3205	2209	19	NA
3727	NA	2260	20	GA
3728	1279	2209	20	GG
3729	NA	3426	20	GA
3730	2196	2284	20	GA
3731	2974	2452	20	GG
3732	1740	3005	20	GG
3733	3308	2265	20	GG
3734	2220	2929	20	GG
3735	1630	2265	20	GA
3736	1718	2209	20	GA
3737	1718	2209	20	GA
3738	NA	3384	20	GA
3739	1721	1356	20	GA
3740	1784	2336	20	GG
3741	2289	1376	20	GA
3742	2573	1924	20	GG
3743	2686	2265	20	GG
3744	2438	3005	20	GG
3745	2393	2346	20	GA
3746	2949	2260	20	GA
3747	2466	2265	20	GG
3748	2933	NA	20	GA
3749	NA	2500	20	GG
3750	2810	3085	20	GA
3751	2328	2364	20	AA
3752	3087	2209	20	GG
3753	1855	2364	20	GG
3754	2444	2452	20	GA
3755	1911	3020	20	GG
3756	1911	2584	20	GA
3757	2268	NA	20	GA
3758	3100	2942	20	GA
3759	2962	2265	20	GG
3760	872	3576	20	GA
3761	2441	2179	20	GA
3762	2502	3116	20	AA
3763	1992	1356	20	GA
3764	2055	2363	20	GA
3765	2494	2186	20	GG
3766	1663	NA	20	GA
3767	2490	2260	20	GA
3768	3268	2988	20	GA
3769	2980	2452	20	GA
3770	3265	NA	20	AA
3771	2454	2284	20	AA
3772	2954	2584	20	GG
3773	1700	2203	20	GG
3774	1700	NA	20	NA
3775	1502	2186	20	GA
3776	1284	NA	20	GA
3777	3094	3369	20	AA
3778	1320	2452	20	GA
3779	2051	1356	20	GG
3780	1389	3002	20	GA
3781	2191	3128	20	GG
3782	2287	1356	20	GA
3783	2287	1356	20	GA
3784	2256	3121	20	AA
3785	2271	NA	20	GG
3786	2187	2284	20	GA
3787	3347	2452	20	GA
3788	2395	2284	20	GA
3789	2395	2959	20	AA
3790	2369	2358	20	GA
3791	1592	2975	20	GA
3792	NA	3326	20	GA
3793	2411	2359	20	GA
3794	1549	2203	20	GG
3795	3156	2265	20	GG
3796	2223	2352	20	GG
3797	2984	NA	20	GG
3798	1338	3005	20	GA
3799	1338	3116	20	AA
3800	1751	2500	20	GA
3801	2998	1376	20	GA
3802	1329	3724	20	GA
3803	1763	3257	20	GG
3804	2994	3207	20	GA
3805	3334	2346	20	AA
3806	1710	2358	20	GA
3807	3307	3005	20	GA
3808	1479	3115	20	GG
3809	2664	3005	20	GA
3810	3351	2929	20	GG
3811	2493	3113	20	AA
3812	2507	2929	20	GA
3813	NA	2377	20	GA
3814	2247	NA	20	AA
3815	3248	NA	20	AA
3816	3233	2578	20	GA
3817	2098	2452	20	GG
3818	3179	3085	20	GA
3819	3014	2203	20	GA
3820	3010	2452	20	GA
3821	2504	2209	20	GA
3822	1830	3099	20	GA
3823	1830	2958	20	GA
3824	1352	2495	20	GA
3825	3203	1917	20	GA
3826	2968	2179	20	AA
3827	3223	3274	20	GG
3828	1623	2452	20	GA
3829	2506	NA	20	GG
3830	3006	2956	20	GA
3831	3006	2956	20	NA
3832	2557	3153	20	GA
3833	2420	1917	20	GA
3834	2566	2500	20	AA
3835	2488	NA	20	GA
3836	3000	3002	20	GG
3837	2433	3121	20	AA
3838	1821	1356	20	GA
3839	2547	3124	20	AA
3840	2957	2452	20	GG
3841	2501	1376	20	GA
3842	2715	3124	20	GA
3843	2967	2561	20	AA
3844	2857	2352	20	GG
3845	3169	NA	20	GA
3846	2380	2843	20	GA
3847	3218	2364	20	GA
3848	NA	NA	20	GA
3849	3141	2379	20	GA
3850	3152	2452	20	GA
3851	3146	2346	20	NA
3852	3186	2265	20	GA
3853	3134	NA	20	GA
3854	3182	3155	20	GG
3855	3304	2336	20	GA
3856	3134	NA	20	NA
3857	2936	2500	20	GA
3858	3160	NA	20	AA
3859	3305	2500	20	NA
3860	NA	3391	20	GG
3861	2185	NA	20	NA
3862	2185	2942	20	GA
3863	2973	3098	20	GA
3864	3023	2260	20	AA
3865	3227	3212	20	GA
3866	3306	2346	20	GA
3867	3318	1924	20	GA
3868	NA	3375	20	GA
3869	2275	2578	20	AA
3870	3199	3130	20	GA
3871	2187	2284	20	GA
3872	2976	3213	20	GA
3873	3275	3181	20	GG
3874	3241	3257	20	GA
3875	3086	2362	20	NA
3876	1700	2203	20	AA
3877	2327	NA	20	NA
3878	NA	3326	20	GA
3879	2995	NA	20	GG
3880	2429	2203	20	GA
3881	3173	2209	20	GG
3882	2288	2500	20	GA
3883	2288	2500	20	GG
3884	1695	NA	20	GG
3885	3238	3130	20	AA
3886	2272	2495	20	AA
3887	2499	1924	20	AA
3888	2327	3113	20	AA
3889	3243	1356	20	NA
3890	3204	2352	20	GA
3891	3339	2991	20	GA
3892	3260	3213	20	GA
3893	NA	3128	20	AA
3894	NA	NA	20	AA
3895	3143	3130	20	GA
3896	3340	NA	20	NA
3897	1665	NA	20	NA
3898	1665	2346	20	NA
3899	3422	3122	20	GA
3900	2721	2365	20	AA
3901	2721	2981	20	GG
3902	1797	2260	20	GA
3903	3157	1917	20	GG
3904	1335	2352	20	GA
3905	3198	2917	20	GA
3906	3313	2366	20	GA
3907	NA	NA	20	GA
3908	3025	1921	20	AA
3909	2325	NA	20	NA
3910	3346	NA	20	NA
3911	3082	2991	20	GG
3912	2253	2500	20	GA
3913	3214	2452	20	GA
3914	3256	2379	20	GA
3915	2985	2991	20	GA
3916	3208	3697	20	AA
3917	2992	NA	20	NA
3918	3140	NA	20	NA
3919	3168	NA	20	NA
3920	1645	NA	20	NA
3921	1645	NA	20	NA
3922	3172	NA	20	NA
3923	3144	3385	20	GA
3924	1626	NA	20	NA
3925	2718	2561	20	GA
3926	3239	NA	20	AA
3927	1396	2584	20	GA
3928	1618	3394	20	GA
3929	2330	3391	20	GG
3930	3090	3165	20	GG
3931	3003	1376	20	GG
3932	NA	3085	20	GA
3933	NA	3018	20	GA
3934	NA	NA	20	GA
3935	NA	3102	20	GA
3936	NA	2560	20	GA
3937	NA	NA	20	AA
3938	NA	2364	20	GA
3939	NA	NA	20	GA
3940	NA	NA	20	AA
3941	NA	1717	20	GA
3942	NA	NA	20	GA
3943	NA	2843	20	GG
3944	NA	2969	20	GA
3945	NA	3108	20	GG
3946	NA	3105	20	GA
3947	NA	1917	20	AA
3948	NA	NA	20	GG
3949	NA	NA	20	GG
3950	1087	2582	20	NA
3951	NA	NA	20	GA
